[0,0,0,0,0,1] 5/4
[0,0,0,0,0,0] 0
[0,0,0,0,1,0] 41/36
[1,0,0,0,0,0] 1
[0,1,0,0,0,0] 1
[0,0,1,0,0,0] 1
[0,0,0,1,0,0] 19/18
[0,0,0,0,0,1] 5/4
[0,0,0,0,0,0] 0
[0,0,1,0,0,0] 1
[0,1,0,1,0,0] 53/36
[0,0,1,0,1,0] 136/81
[0,0,0,1,0,0] 19/18
[1,0,0,0,0,0] 1
[1,0,0,0,0,1] 257/162
[0,0,0,1,1,0] 763/432
[1,1,0,0,0,0] 1
[0,0,2,0,0,0] 55/36
[0,0,0,0,2,0] 22583/11664
[0,1,1,0,0,0] 47/36
[0,0,0,0,1,1] 2881/1458
[0,0,0,0,0,2] 49945/23328
[0,0,0,2,0,0] 139/81
[0,1,0,0,1,0] 257/162
[0,2,0,0,0,0] 23/18
[0,0,0,1,0,1] 21683/11664
[1,0,0,0,1,0] 55/36
[0,0,0,0,1,0] 41/36
[0,1,0,0,0,1] 269/162
[1,0,0,1,0,0] 17/12
[2,0,0,0,0,0] 1
[1,0,1,0,0,0] 11/9
[0,0,1,1,0,0] 124/81
[0,0,1,0,0,1] 2285/1296
[0,1,0,0,0,0] 1
