[0,0,0,0,0,1] 5/4
[0,0,0,0,0,0] 0
[0,0,0,0,1,0] 41/36
[1,0,0,0,0,0] 1
[0,1,0,0,0,0] 1
[0,0,1,0,0,0] 1
[0,0,0,1,0,0] 19/18
[0,0,0,0,0,1] 5/4
[0,0,0,0,0,0] 0
[0,0,1,0,0,0] 1
[0,1,0,1,0,0] 53/36
[0,0,1,0,1,0] 136/81
[0,0,0,1,0,0] 19/18
[1,0,0,0,0,0] 1
[1,0,0,0,0,1] 257/162
[0,0,0,1,1,0] 763/432
[1,1,0,0,0,0] 1
[0,0,2,0,0,0] 55/36
[0,0,0,0,2,0] 22583/11664
[0,1,1,0,0,0] 47/36
[0,0,0,0,1,1] 2881/1458
[0,0,0,0,0,2] 49945/23328
[0,0,0,2,0,0] 139/81
[0,1,0,0,1,0] 257/162
[0,2,0,0,0,0] 23/18
[0,0,0,1,0,1] 21683/11664
[1,0,0,0,1,0] 55/36
[0,0,0,0,1,0] 41/36
[0,1,0,0,0,1] 269/162
[1,0,0,1,0,0] 17/12
[2,0,0,0,0,0] 1
[1,0,1,0,0,0] 11/9
[0,0,1,1,0,0] 124/81
[0,0,1,0,0,1] 2285/1296
[0,1,0,0,0,0] 1
[0,0,0,0,2,1] 5035879/1889568
[0,1,0,0,1,0] 257/162
[0,0,0,0,0,3] 44368381/15116544
[0,1,0,0,2,0] 5969/2592
[0,0,0,0,0,0] 0
[0,1,0,0,0,2] 1065721/419904
[2,0,1,0,0,0] 67/36
[0,0,0,0,0,2] 49945/23328
[1,0,0,1,0,0] 17/12
[1,0,0,0,0,0] 1
[2,0,0,0,1,0] 154/81
[1,0,0,2,0,0] 877/432
[0,1,1,1,0,0] 2567/1296
[0,0,2,0,0,1] 52009/23328
[0,0,0,1,0,0] 19/18
[0,0,1,1,0,1] 963265/419904
[0,0,0,0,0,1] 5/4
[1,0,1,0,0,0] 11/9
[1,1,0,0,0,0] 1
[1,0,0,0,2,0] 1637/729
[0,0,0,2,0,1] 1022665/419904
[0,2,1,0,0,0] 607/324
[0,1,1,0,1,0] 23555/11664
[0,0,1,0,1,1] 1014457/419904
[0,0,1,2,0,0] 12631/5832
[0,0,0,1,1,1] 39007/15552
[0,1,0,0,1,1] 987673/419904
[0,0,3,0,0,0] 883/432
[0,0,0,0,3,0] 1107769/419904
[0,0,0,0,1,2] 41956697/15116544
[0,0,0,2,1,0] 983101/419904
[0,0,0,0,2,0] 22583/11664
[0,0,0,2,0,0] 139/81
[1,0,0,1,1,0] 23735/11664
[0,0,1,0,0,1] 2285/1296
[1,0,0,0,1,0] 55/36
[1,0,2,0,0,0] 154/81
[0,0,1,0,1,0] 136/81
[0,0,1,1,0,0] 124/81
[1,0,1,1,0,0] 619/324
[0,1,0,0,0,1] 269/162
[1,1,0,0,0,1] 281/144
[0,0,2,0,1,0] 3157/1458
[0,3,0,0,0,0] 67/36
[0,0,0,1,0,1] 21683/11664
[2,0,0,1,0,0] 67/36
[1,1,0,1,0,0] 151/81
[0,2,0,0,0,1] 24347/11664
[3,0,0,0,0,0] 11/6
[1,1,0,0,1,0] 155/81
[0,0,1,0,2,0] 1006429/419904
[0,2,0,0,1,0] 2609/1296
[1,0,0,0,0,2] 1044193/419904
[0,1,1,0,0,0] 47/36
[2,1,0,0,0,0] 11/6
[0,0,2,0,0,0] 55/36
[1,1,1,0,0,0] 67/36
[0,2,0,0,0,0] 23/18
[1,0,1,0,1,0] 2549/1296
[1,0,1,0,0,1] 23519/11664
[1,0,0,0,1,1] 52717/23328
[0,1,2,0,0,0] 1271/648
[0,1,0,1,1,0] 12349/5832
[0,0,1,0,0,0] 1
[0,0,0,0,1,1] 2881/1458
[0,1,0,1,0,1] 51205/23328
[1,2,0,0,0,0] 67/36
[0,0,2,1,0,0] 24059/11664
[0,0,0,3,0,0] 18089/7776
[0,0,0,1,2,0] 1032985/419904
[0,1,0,2,0,0] 24131/11664
[0,0,0,1,0,2] 2545601/944784
[2,0,0,0,0,0] 1
[0,0,0,0,1,0] 41/36
[0,2,0,1,0,0] 307/162
[0,0,1,1,1,0] 51569/23328
[1,0,0,0,0,1] 257/162
[0,1,1,0,0,1] 6149/2916
[0,1,0,0,0,0] 1
[2,0,0,0,0,1] 71/36
[0,0,1,0,0,2] 121201/46656
[1,0,0,1,0,1] 12577/5832
[0,1,0,1,0,0] 53/36
[0,0,0,1,1,0] 763/432
