[0,0,0,0,0,1] 5/4
[0,0,0,0,0,0] 0
[0,0,0,0,1,0] 41/36
[1,0,0,0,0,0] 1
[0,1,0,0,0,0] 1
[0,0,1,0,0,0] 1
[0,0,0,1,0,0] 19/18
[0,0,0,0,0,1] 5/4
[0,0,0,0,0,0] 0
[0,0,1,0,0,0] 1
[0,1,0,1,0,0] 53/36
[0,0,1,0,1,0] 136/81
[0,0,0,1,0,0] 19/18
[1,0,0,0,0,0] 1
[1,0,0,0,0,1] 257/162
[0,0,0,1,1,0] 763/432
[1,1,0,0,0,0] 1
[0,0,2,0,0,0] 55/36
[0,0,0,0,2,0] 22583/11664
[0,1,1,0,0,0] 47/36
[0,0,0,0,1,1] 2881/1458
[0,0,0,0,0,2] 49945/23328
[0,0,0,2,0,0] 139/81
[0,1,0,0,1,0] 257/162
[0,2,0,0,0,0] 23/18
[0,0,0,1,0,1] 21683/11664
[1,0,0,0,1,0] 55/36
[0,0,0,0,1,0] 41/36
[0,1,0,0,0,1] 269/162
[1,0,0,1,0,0] 17/12
[2,0,0,0,0,0] 1
[1,0,1,0,0,0] 11/9
[0,0,1,1,0,0] 124/81
[0,0,1,0,0,1] 2285/1296
[0,1,0,0,0,0] 1
[0,0,0,0,2,1] 5035879/1889568
[0,1,0,0,1,0] 257/162
[0,0,0,0,0,3] 44368381/15116544
[0,1,0,0,2,0] 5969/2592
[0,0,0,0,0,0] 0
[0,1,0,0,0,2] 1065721/419904
[2,0,1,0,0,0] 67/36
[0,0,0,0,0,2] 49945/23328
[1,0,0,1,0,0] 17/12
[1,0,0,0,0,0] 1
[2,0,0,0,1,0] 154/81
[1,0,0,2,0,0] 877/432
[0,1,1,1,0,0] 2567/1296
[0,0,2,0,0,1] 52009/23328
[0,0,0,1,0,0] 19/18
[0,0,1,1,0,1] 963265/419904
[0,0,0,0,0,1] 5/4
[1,0,1,0,0,0] 11/9
[1,1,0,0,0,0] 1
[1,0,0,0,2,0] 1637/729
[0,0,0,2,0,1] 1022665/419904
[0,2,1,0,0,0] 607/324
[0,1,1,0,1,0] 23555/11664
[0,0,1,0,1,1] 1014457/419904
[0,0,1,2,0,0] 12631/5832
[0,0,0,1,1,1] 39007/15552
[0,1,0,0,1,1] 987673/419904
[0,0,3,0,0,0] 883/432
[0,0,0,0,3,0] 1107769/419904
[0,0,0,0,1,2] 41956697/15116544
[0,0,0,2,1,0] 983101/419904
[0,0,0,0,2,0] 22583/11664
[0,0,0,2,0,0] 139/81
[1,0,0,1,1,0] 23735/11664
[0,0,1,0,0,1] 2285/1296
[1,0,0,0,1,0] 55/36
[1,0,2,0,0,0] 154/81
[0,0,1,0,1,0] 136/81
[0,0,1,1,0,0] 124/81
[1,0,1,1,0,0] 619/324
[0,1,0,0,0,1] 269/162
[1,1,0,0,0,1] 281/144
[0,0,2,0,1,0] 3157/1458
[0,3,0,0,0,0] 67/36
[0,0,0,1,0,1] 21683/11664
[2,0,0,1,0,0] 67/36
[1,1,0,1,0,0] 151/81
[0,2,0,0,0,1] 24347/11664
[3,0,0,0,0,0] 11/6
[1,1,0,0,1,0] 155/81
[0,0,1,0,2,0] 1006429/419904
[0,2,0,0,1,0] 2609/1296
[1,0,0,0,0,2] 1044193/419904
[0,1,1,0,0,0] 47/36
[2,1,0,0,0,0] 11/6
[0,0,2,0,0,0] 55/36
[1,1,1,0,0,0] 67/36
[0,2,0,0,0,0] 23/18
[1,0,1,0,1,0] 2549/1296
[1,0,1,0,0,1] 23519/11664
[1,0,0,0,1,1] 52717/23328
[0,1,2,0,0,0] 1271/648
[0,1,0,1,1,0] 12349/5832
[0,0,1,0,0,0] 1
[0,0,0,0,1,1] 2881/1458
[0,1,0,1,0,1] 51205/23328
[1,2,0,0,0,0] 67/36
[0,0,2,1,0,0] 24059/11664
[0,0,0,3,0,0] 18089/7776
[0,0,0,1,2,0] 1032985/419904
[0,1,0,2,0,0] 24131/11664
[0,0,0,1,0,2] 2545601/944784
[2,0,0,0,0,0] 1
[0,0,0,0,1,0] 41/36
[0,2,0,1,0,0] 307/162
[0,0,1,1,1,0] 51569/23328
[1,0,0,0,0,1] 257/162
[0,1,1,0,0,1] 6149/2916
[0,1,0,0,0,0] 1
[2,0,0,0,0,1] 71/36
[0,0,1,0,0,2] 121201/46656
[1,0,0,1,0,1] 12577/5832
[0,1,0,1,0,0] 53/36
[0,0,0,1,1,0] 763/432
[1,2,0,1,0,0] 2831/1296
[0,1,2,0,1,0] 1077493/419904
[0,1,0,1,1,0] 12349/5832
[2,0,0,1,1,0] 14485/5832
[0,0,0,0,0,0] 0
[0,1,0,0,0,3] 902908589/272097792
[0,0,1,2,0,1] 43542569/15116544
[1,0,1,0,1,1] 1139593/419904
[0,0,1,1,0,2] 418943011/136048896
[0,2,0,0,0,1] 24347/11664
[1,0,0,0,0,0] 1
[1,0,0,2,0,0] 877/432
[1,1,0,0,0,2] 129725/46656
[2,0,0,0,0,0] 1
[1,0,1,1,0,1] 1104025/419904
[0,4,0,0,0,0] 733/324
[0,1,0,0,1,1] 987673/419904
[0,0,1,0,1,2] 865165613/272097792
[1,0,0,0,0,3] 443476939/136048896
[1,0,0,3,0,0] 1106095/419904
[2,0,1,1,0,0] 2875/1296
[2,0,1,0,0,1] 7373/2916
[0,0,1,0,3,0] 1715651/559872
[0,0,1,0,2,0] 1006429/419904
[1,0,1,1,0,0] 619/324
[2,1,0,0,0,1] 28379/11664
[0,2,1,1,0,0] 13661/5832
[0,1,0,0,3,0] 45151133/15116544
[0,0,0,0,4,0] 902043449/272097792
[0,0,0,0,2,1] 5035879/1889568
[1,0,1,0,0,0] 11/9
[0,1,1,0,0,1] 6149/2916
[0,1,3,0,0,0] 7007/2916
[1,1,0,1,0,0] 151/81
[0,0,0,0,1,2] 41956697/15116544
[0,0,0,2,0,0] 139/81
[1,1,1,0,0,1] 57625/23328
[1,0,3,0,0,0] 27521/11664
[0,1,0,0,0,2] 1065721/419904
[0,0,0,1,0,2] 2545601/944784
[0,0,0,0,2,0] 22583/11664
[0,2,0,2,0,0] 58387/23328
[1,0,1,0,2,0] 1126261/419904
[0,0,4,0,0,0] 15085/5832
[0,0,3,1,0,0] 1099435/419904
[0,0,2,2,0,0] 1104673/419904
[2,0,0,1,0,0] 67/36
[0,0,0,2,2,0] 1672315/559872
[0,1,1,1,0,1] 124541/46656
[0,2,1,0,1,0] 58061/23328
[0,2,0,1,1,0] 1071949/419904
[2,0,0,2,0,0] 28235/11664
[1,0,0,0,1,0] 55/36
[0,0,1,0,2,1] 420717559/136048896
[2,0,0,1,0,1] 60641/23328
[0,0,0,4,0,0] 170696/59049
[0,0,2,0,0,2] 45870877/15116544
[1,1,1,0,1,0] 6791/2916
[0,0,1,2,0,0] 12631/5832
[2,1,0,0,0,0] 11/6
[1,0,1,0,0,1] 23519/11664
[0,1,0,3,0,0] 1120873/419904
[0,0,1,2,1,0] 2626781/944784
[1,0,0,1,1,1] 5285683/1889568
[0,0,0,0,0,4] 3046748879/816293376
[1,1,0,2,0,0] 13729/5832
[1,0,1,2,0,0] 18845/7776
[0,0,0,1,2,0] 1032985/419904
[1,0,2,1,0,0] 13927/5832
[0,1,0,0,0,1] 269/162
[1,1,0,0,1,0] 155/81
[0,0,0,0,1,1] 2881/1458
[2,1,1,0,0,0] 154/81
[0,1,0,1,0,0] 53/36
[1,0,2,0,0,1] 1103557/419904
[0,1,1,0,1,1] 5230927/1889568
[0,1,0,2,0,1] 1334725/472392
[0,0,2,0,1,0] 3157/1458
[0,0,0,1,1,0] 763/432
[2,1,0,0,1,0] 995/432
[2,0,2,0,0,0] 1411/648
[0,2,0,0,0,2] 1380787/472392
[0,0,3,0,1,0] 1141327/419904
[0,0,0,2,1,1] 416769295/136048896
[0,0,0,0,1,0] 41/36
[1,1,0,0,0,0] 1
[0,1,1,2,0,0] 1038415/419904
[2,0,1,0,1,0] 28133/11664
[0,0,1,0,0,0] 1
[2,0,0,0,0,2] 1182721/419904
[0,1,0,1,0,1] 51205/23328
[1,2,1,0,0,0] 1279/648
[1,1,0,0,1,1] 1112377/419904
[0,0,0,3,1,0] 44280509/15116544
[1,1,0,0,0,1] 281/144
[0,0,1,0,0,1] 2285/1296
[0,0,0,0,3,0] 1107769/419904
[1,0,0,0,3,0] 5554333/1889568
[0,0,1,1,2,0] 43337165/15116544
[0,0,3,0,0,0] 883/432
[0,0,0,1,0,0] 19/18
[0,0,1,1,0,1] 963265/419904
[1,0,0,0,0,2] 1044193/419904
[2,0,1,0,0,0] 67/36
[1,0,0,1,0,2] 44706449/15116544
[0,0,3,0,0,1] 392729/139968
[0,0,2,1,1,0] 1130233/419904
[0,1,1,0,1,0] 23555/11664
[0,0,0,1,1,2] 1782340321/544195584
[2,0,0,0,0,1] 71/36
[1,0,0,0,2,0] 1637/729
[0,0,0,0,3,1] 1824372913/544195584
[1,1,1,1,0,0] 24455/11664
[1,1,1,0,0,0] 67/36
[0,0,1,1,1,0] 51569/23328
[0,0,1,3,0,0] 1147663/419904
[0,2,0,1,0,1] 1117921/419904
[0,1,2,0,0,1] 1118389/419904
[0,1,0,0,1,0] 257/162
[0,1,0,2,1,0] 1138945/419904
[1,2,0,0,0,0] 67/36
[0,0,0,1,1,1] 39007/15552
[3,0,0,1,0,0] 121/54
[0,2,0,1,0,0] 307/162
[0,0,0,0,0,1] 5/4
[0,1,2,1,0,0] 18793/7776
[0,1,0,0,2,0] 5969/2592
[0,0,0,2,0,1] 1022665/419904
[3,0,0,0,1,0] 383/162
[2,2,0,0,0,0] 67/36
[0,0,1,1,0,0] 124/81
[1,0,1,0,0,2] 1348819/472392
[1,0,1,1,1,0] 1047469/419904
[1,0,0,1,0,1] 12577/5832
[1,0,0,1,1,0] 23735/11664
[0,2,0,0,1,1] 387059/139968
[0,2,0,0,0,0] 23/18
[0,0,1,0,1,1] 1014457/419904
[2,0,0,0,2,0] 61541/23328
[1,1,2,0,0,0] 883/432
[1,0,0,0,1,2] 45733789/15116544
[3,0,0,0,0,0] 11/6
[3,1,0,0,0,0] 67/36
[0,1,0,0,0,0] 1
[1,1,0,1,1,0] 2083/864
[0,0,1,0,1,0] 136/81
[1,0,0,1,2,0] 1146793/419904
[0,1,1,0,0,0] 47/36
[0,0,0,0,0,3] 44368381/15116544
[0,2,1,0,0,0] 607/324
[0,0,0,2,1,0] 983101/419904
[0,1,0,2,0,0] 24131/11664
[1,0,0,2,0,1] 129703/46656
[1,0,0,0,2,1] 44900345/15116544
[0,2,0,0,1,0] 2609/1296
[0,3,0,1,0,0] 28235/11664
[0,3,0,0,1,0] 14711/5832
[1,3,0,0,0,0] 157/81
[0,3,0,0,0,1] 20189/7776
[0,0,2,0,0,1] 52009/23328
[0,1,1,1,1,0] 1064269/419904
[2,0,0,0,1,1] 1122673/419904
[0,2,2,0,0,0] 26873/11664
[0,1,0,0,2,1] 45826213/15116544
[0,0,2,1,0,1] 5297347/1889568
[0,0,0,3,0,1] 46060453/15116544
[0,1,0,1,0,2] 45176917/15116544
[0,1,1,1,0,0] 2567/1296
[1,0,0,0,1,1] 52717/23328
[0,2,1,0,0,1] 1092397/419904
[0,0,0,2,0,2] 876492545/272097792
[0,0,0,0,1,3] 8708858995/2448880128
[1,2,0,0,0,1] 14389/5832
[1,0,0,0,0,1] 257/162
[0,0,0,1,0,3] 17012179277/4897760256
[0,0,2,1,0,0] 24059/11664
[0,1,1,0,0,2] 44191001/15116544
[2,0,0,0,1,0] 154/81
[0,1,1,0,2,0] 1138513/419904
[3,0,0,0,0,1] 1055/432
[0,1,0,0,1,2] 423778063/136048896
[1,0,0,1,0,0] 17/12
[1,1,0,1,0,1] 1074505/419904
[0,1,0,1,1,1] 43192649/15116544
[4,0,0,0,0,0] 11/6
[0,0,1,1,1,1] 44249293/15116544
[0,0,1,0,0,3] 1835896225/544195584
[0,0,2,0,1,1] 43649417/15116544
[0,3,1,0,0,0] 2969/1296
[0,1,0,1,2,0] 1317715/472392
[0,0,0,1,0,1] 21683/11664
[2,1,0,1,0,0] 689/324
[0,1,2,0,0,0] 1271/648
[0,3,0,0,0,0] 67/36
[1,0,1,0,1,0] 2549/1296
[0,0,0,3,0,0] 18089/7776
[1,2,0,0,1,0] 27425/11664
[1,1,0,0,2,0] 1095709/419904
[0,0,0,0,0,2] 49945/23328
[0,2,0,0,2,0] 1140805/419904
[0,0,2,0,2,0] 5380867/1889568
[1,0,2,0,1,0] 58961/23328
[1,0,2,0,0,0] 154/81
[1,0,0,2,1,0] 1120825/419904
[0,0,1,0,0,2] 121201/46656
[0,0,0,1,3,0] 425552017/136048896
[0,0,0,1,2,1] 867106589/272097792
[0,0,2,0,0,0] 55/36
[0,0,0,0,2,2] 16718151869/4897760256
[3,0,1,0,0,0] 56/27
