[0,0,0,0,0,1] 5/4
[0,0,0,0,0,0] 0
[0,0,0,0,1,0] 41/36
[1,0,0,0,0,0] 1
[0,1,0,0,0,0] 1
[0,0,1,0,0,0] 1
[0,0,0,1,0,0] 19/18
[0,0,0,0,0,1] 5/4
[0,0,0,0,0,0] 0
[0,0,1,0,0,0] 1
[0,1,0,1,0,0] 53/36
[0,0,1,0,1,0] 136/81
[0,0,0,1,0,0] 19/18
[1,0,0,0,0,0] 1
[1,0,0,0,0,1] 257/162
[0,0,0,1,1,0] 763/432
[1,1,0,0,0,0] 1
[0,0,2,0,0,0] 55/36
[0,0,0,0,2,0] 22583/11664
[0,1,1,0,0,0] 47/36
[0,0,0,0,1,1] 2881/1458
[0,0,0,0,0,2] 49945/23328
[0,0,0,2,0,0] 139/81
[0,1,0,0,1,0] 257/162
[0,2,0,0,0,0] 23/18
[0,0,0,1,0,1] 21683/11664
[1,0,0,0,1,0] 55/36
[0,0,0,0,1,0] 41/36
[0,1,0,0,0,1] 269/162
[1,0,0,1,0,0] 17/12
[2,0,0,0,0,0] 1
[1,0,1,0,0,0] 11/9
[0,0,1,1,0,0] 124/81
[0,0,1,0,0,1] 2285/1296
[0,1,0,0,0,0] 1
[0,0,0,0,2,1] 5035879/1889568
[0,1,0,0,1,0] 257/162
[0,0,0,0,0,3] 44368381/15116544
[0,1,0,0,2,0] 5969/2592
[0,0,0,0,0,0] 0
[0,1,0,0,0,2] 1065721/419904
[2,0,1,0,0,0] 67/36
[0,0,0,0,0,2] 49945/23328
[1,0,0,1,0,0] 17/12
[1,0,0,0,0,0] 1
[2,0,0,0,1,0] 154/81
[1,0,0,2,0,0] 877/432
[0,1,1,1,0,0] 2567/1296
[0,0,2,0,0,1] 52009/23328
[0,0,0,1,0,0] 19/18
[0,0,1,1,0,1] 963265/419904
[0,0,0,0,0,1] 5/4
[1,0,1,0,0,0] 11/9
[1,1,0,0,0,0] 1
[1,0,0,0,2,0] 1637/729
[0,0,0,2,0,1] 1022665/419904
[0,2,1,0,0,0] 607/324
[0,1,1,0,1,0] 23555/11664
[0,0,1,0,1,1] 1014457/419904
[0,0,1,2,0,0] 12631/5832
[0,0,0,1,1,1] 39007/15552
[0,1,0,0,1,1] 987673/419904
[0,0,3,0,0,0] 883/432
[0,0,0,0,3,0] 1107769/419904
[0,0,0,0,1,2] 41956697/15116544
[0,0,0,2,1,0] 983101/419904
[0,0,0,0,2,0] 22583/11664
[0,0,0,2,0,0] 139/81
[1,0,0,1,1,0] 23735/11664
[0,0,1,0,0,1] 2285/1296
[1,0,0,0,1,0] 55/36
[1,0,2,0,0,0] 154/81
[0,0,1,0,1,0] 136/81
[0,0,1,1,0,0] 124/81
[1,0,1,1,0,0] 619/324
[0,1,0,0,0,1] 269/162
[1,1,0,0,0,1] 281/144
[0,0,2,0,1,0] 3157/1458
[0,3,0,0,0,0] 67/36
[0,0,0,1,0,1] 21683/11664
[2,0,0,1,0,0] 67/36
[1,1,0,1,0,0] 151/81
[0,2,0,0,0,1] 24347/11664
[3,0,0,0,0,0] 11/6
[1,1,0,0,1,0] 155/81
[0,0,1,0,2,0] 1006429/419904
[0,2,0,0,1,0] 2609/1296
[1,0,0,0,0,2] 1044193/419904
[0,1,1,0,0,0] 47/36
[2,1,0,0,0,0] 11/6
[0,0,2,0,0,0] 55/36
[1,1,1,0,0,0] 67/36
[0,2,0,0,0,0] 23/18
[1,0,1,0,1,0] 2549/1296
[1,0,1,0,0,1] 23519/11664
[1,0,0,0,1,1] 52717/23328
[0,1,2,0,0,0] 1271/648
[0,1,0,1,1,0] 12349/5832
[0,0,1,0,0,0] 1
[0,0,0,0,1,1] 2881/1458
[0,1,0,1,0,1] 51205/23328
[1,2,0,0,0,0] 67/36
[0,0,2,1,0,0] 24059/11664
[0,0,0,3,0,0] 18089/7776
[0,0,0,1,2,0] 1032985/419904
[0,1,0,2,0,0] 24131/11664
[0,0,0,1,0,2] 2545601/944784
[2,0,0,0,0,0] 1
[0,0,0,0,1,0] 41/36
[0,2,0,1,0,0] 307/162
[0,0,1,1,1,0] 51569/23328
[1,0,0,0,0,1] 257/162
[0,1,1,0,0,1] 6149/2916
[0,1,0,0,0,0] 1
[2,0,0,0,0,1] 71/36
[0,0,1,0,0,2] 121201/46656
[1,0,0,1,0,1] 12577/5832
[0,1,0,1,0,0] 53/36
[0,0,0,1,1,0] 763/432
[1,2,0,1,0,0] 2831/1296
[0,1,2,0,1,0] 1077493/419904
[0,1,0,1,1,0] 12349/5832
[2,0,0,1,1,0] 14485/5832
[0,0,0,0,0,0] 0
[0,1,0,0,0,3] 902908589/272097792
[0,0,1,2,0,1] 43542569/15116544
[1,0,1,0,1,1] 1139593/419904
[0,0,1,1,0,2] 418943011/136048896
[0,2,0,0,0,1] 24347/11664
[1,0,0,0,0,0] 1
[1,0,0,2,0,0] 877/432
[1,1,0,0,0,2] 129725/46656
[2,0,0,0,0,0] 1
[1,0,1,1,0,1] 1104025/419904
[0,4,0,0,0,0] 733/324
[0,1,0,0,1,1] 987673/419904
[0,0,1,0,1,2] 865165613/272097792
[1,0,0,0,0,3] 443476939/136048896
[1,0,0,3,0,0] 1106095/419904
[2,0,1,1,0,0] 2875/1296
[2,0,1,0,0,1] 7373/2916
[0,0,1,0,3,0] 1715651/559872
[0,0,1,0,2,0] 1006429/419904
[1,0,1,1,0,0] 619/324
[2,1,0,0,0,1] 28379/11664
[0,2,1,1,0,0] 13661/5832
[0,1,0,0,3,0] 45151133/15116544
[0,0,0,0,4,0] 902043449/272097792
[0,0,0,0,2,1] 5035879/1889568
[1,0,1,0,0,0] 11/9
[0,1,1,0,0,1] 6149/2916
[0,1,3,0,0,0] 7007/2916
[1,1,0,1,0,0] 151/81
[0,0,0,0,1,2] 41956697/15116544
[0,0,0,2,0,0] 139/81
[1,1,1,0,0,1] 57625/23328
[1,0,3,0,0,0] 27521/11664
[0,1,0,0,0,2] 1065721/419904
[0,0,0,1,0,2] 2545601/944784
[0,0,0,0,2,0] 22583/11664
[0,2,0,2,0,0] 58387/23328
[1,0,1,0,2,0] 1126261/419904
[0,0,4,0,0,0] 15085/5832
[0,0,3,1,0,0] 1099435/419904
[0,0,2,2,0,0] 1104673/419904
[2,0,0,1,0,0] 67/36
[0,0,0,2,2,0] 1672315/559872
[0,1,1,1,0,1] 124541/46656
[0,2,1,0,1,0] 58061/23328
[0,2,0,1,1,0] 1071949/419904
[2,0,0,2,0,0] 28235/11664
[1,0,0,0,1,0] 55/36
[0,0,1,0,2,1] 420717559/136048896
[2,0,0,1,0,1] 60641/23328
[0,0,0,4,0,0] 170696/59049
[0,0,2,0,0,2] 45870877/15116544
[1,1,1,0,1,0] 6791/2916
[0,0,1,2,0,0] 12631/5832
[2,1,0,0,0,0] 11/6
[1,0,1,0,0,1] 23519/11664
[0,1,0,3,0,0] 1120873/419904
[0,0,1,2,1,0] 2626781/944784
[1,0,0,1,1,1] 5285683/1889568
[0,0,0,0,0,4] 3046748879/816293376
[1,1,0,2,0,0] 13729/5832
[1,0,1,2,0,0] 18845/7776
[0,0,0,1,2,0] 1032985/419904
[1,0,2,1,0,0] 13927/5832
[0,1,0,0,0,1] 269/162
[1,1,0,0,1,0] 155/81
[0,0,0,0,1,1] 2881/1458
[2,1,1,0,0,0] 154/81
[0,1,0,1,0,0] 53/36
[1,0,2,0,0,1] 1103557/419904
[0,1,1,0,1,1] 5230927/1889568
[0,1,0,2,0,1] 1334725/472392
[0,0,2,0,1,0] 3157/1458
[0,0,0,1,1,0] 763/432
[2,1,0,0,1,0] 995/432
[2,0,2,0,0,0] 1411/648
[0,2,0,0,0,2] 1380787/472392
[0,0,3,0,1,0] 1141327/419904
[0,0,0,2,1,1] 416769295/136048896
[0,0,0,0,1,0] 41/36
[1,1,0,0,0,0] 1
[0,1,1,2,0,0] 1038415/419904
[2,0,1,0,1,0] 28133/11664
[0,0,1,0,0,0] 1
[2,0,0,0,0,2] 1182721/419904
[0,1,0,1,0,1] 51205/23328
[1,2,1,0,0,0] 1279/648
[1,1,0,0,1,1] 1112377/419904
[0,0,0,3,1,0] 44280509/15116544
[1,1,0,0,0,1] 281/144
[0,0,1,0,0,1] 2285/1296
[0,0,0,0,3,0] 1107769/419904
[1,0,0,0,3,0] 5554333/1889568
[0,0,1,1,2,0] 43337165/15116544
[0,0,3,0,0,0] 883/432
[0,0,0,1,0,0] 19/18
[0,0,1,1,0,1] 963265/419904
[1,0,0,0,0,2] 1044193/419904
[2,0,1,0,0,0] 67/36
[1,0,0,1,0,2] 44706449/15116544
[0,0,3,0,0,1] 392729/139968
[0,0,2,1,1,0] 1130233/419904
[0,1,1,0,1,0] 23555/11664
[0,0,0,1,1,2] 1782340321/544195584
[2,0,0,0,0,1] 71/36
[1,0,0,0,2,0] 1637/729
[0,0,0,0,3,1] 1824372913/544195584
[1,1,1,1,0,0] 24455/11664
[1,1,1,0,0,0] 67/36
[0,0,1,1,1,0] 51569/23328
[0,0,1,3,0,0] 1147663/419904
[0,2,0,1,0,1] 1117921/419904
[0,1,2,0,0,1] 1118389/419904
[0,1,0,0,1,0] 257/162
[0,1,0,2,1,0] 1138945/419904
[1,2,0,0,0,0] 67/36
[0,0,0,1,1,1] 39007/15552
[3,0,0,1,0,0] 121/54
[0,2,0,1,0,0] 307/162
[0,0,0,0,0,1] 5/4
[0,1,2,1,0,0] 18793/7776
[0,1,0,0,2,0] 5969/2592
[0,0,0,2,0,1] 1022665/419904
[3,0,0,0,1,0] 383/162
[2,2,0,0,0,0] 67/36
[0,0,1,1,0,0] 124/81
[1,0,1,0,0,2] 1348819/472392
[1,0,1,1,1,0] 1047469/419904
[1,0,0,1,0,1] 12577/5832
[1,0,0,1,1,0] 23735/11664
[0,2,0,0,1,1] 387059/139968
[0,2,0,0,0,0] 23/18
[0,0,1,0,1,1] 1014457/419904
[2,0,0,0,2,0] 61541/23328
[1,1,2,0,0,0] 883/432
[1,0,0,0,1,2] 45733789/15116544
[3,0,0,0,0,0] 11/6
[3,1,0,0,0,0] 67/36
[0,1,0,0,0,0] 1
[1,1,0,1,1,0] 2083/864
[0,0,1,0,1,0] 136/81
[1,0,0,1,2,0] 1146793/419904
[0,1,1,0,0,0] 47/36
[0,0,0,0,0,3] 44368381/15116544
[0,2,1,0,0,0] 607/324
[0,0,0,2,1,0] 983101/419904
[0,1,0,2,0,0] 24131/11664
[1,0,0,2,0,1] 129703/46656
[1,0,0,0,2,1] 44900345/15116544
[0,2,0,0,1,0] 2609/1296
[0,3,0,1,0,0] 28235/11664
[0,3,0,0,1,0] 14711/5832
[1,3,0,0,0,0] 157/81
[0,3,0,0,0,1] 20189/7776
[0,0,2,0,0,1] 52009/23328
[0,1,1,1,1,0] 1064269/419904
[2,0,0,0,1,1] 1122673/419904
[0,2,2,0,0,0] 26873/11664
[0,1,0,0,2,1] 45826213/15116544
[0,0,2,1,0,1] 5297347/1889568
[0,0,0,3,0,1] 46060453/15116544
[0,1,0,1,0,2] 45176917/15116544
[0,1,1,1,0,0] 2567/1296
[1,0,0,0,1,1] 52717/23328
[0,2,1,0,0,1] 1092397/419904
[0,0,0,2,0,2] 876492545/272097792
[0,0,0,0,1,3] 8708858995/2448880128
[1,2,0,0,0,1] 14389/5832
[1,0,0,0,0,1] 257/162
[0,0,0,1,0,3] 17012179277/4897760256
[0,0,2,1,0,0] 24059/11664
[0,1,1,0,0,2] 44191001/15116544
[2,0,0,0,1,0] 154/81
[0,1,1,0,2,0] 1138513/419904
[3,0,0,0,0,1] 1055/432
[0,1,0,0,1,2] 423778063/136048896
[1,0,0,1,0,0] 17/12
[1,1,0,1,0,1] 1074505/419904
[0,1,0,1,1,1] 43192649/15116544
[4,0,0,0,0,0] 11/6
[0,0,1,1,1,1] 44249293/15116544
[0,0,1,0,0,3] 1835896225/544195584
[0,0,2,0,1,1] 43649417/15116544
[0,3,1,0,0,0] 2969/1296
[0,1,0,1,2,0] 1317715/472392
[0,0,0,1,0,1] 21683/11664
[2,1,0,1,0,0] 689/324
[0,1,2,0,0,0] 1271/648
[0,3,0,0,0,0] 67/36
[1,0,1,0,1,0] 2549/1296
[0,0,0,3,0,0] 18089/7776
[1,2,0,0,1,0] 27425/11664
[1,1,0,0,2,0] 1095709/419904
[0,0,0,0,0,2] 49945/23328
[0,2,0,0,2,0] 1140805/419904
[0,0,2,0,2,0] 5380867/1889568
[1,0,2,0,1,0] 58961/23328
[1,0,2,0,0,0] 154/81
[1,0,0,2,1,0] 1120825/419904
[0,0,1,0,0,2] 121201/46656
[0,0,0,1,3,0] 425552017/136048896
[0,0,0,1,2,1] 867106589/272097792
[0,0,2,0,0,0] 55/36
[0,0,0,0,2,2] 16718151869/4897760256
[3,0,1,0,0,0] 56/27
[1,0,0,1,0,0] 17/12
[1,0,0,1,2,1] 1869805489/544195584
[0,0,0,2,0,1] 1022665/419904
[0,1,0,0,2,1] 45826213/15116544
[0,0,4,0,0,0] 15085/5832
[2,2,0,0,1,0] 4019/1458
[0,1,0,3,1,0] 447552265/136048896
[0,1,1,0,0,1] 6149/2916
[0,0,1,2,2,0] 1872717437/544195584
[1,0,1,1,0,2] 930978977/272097792
[1,0,4,0,0,0] 1236895/419904
[0,0,0,4,0,1] 17799429941/4897760256
[0,0,1,0,0,0] 1
[0,0,2,0,0,3] 3129712211/816293376
[0,1,1,0,1,0] 23555/11664
[0,1,1,0,2,0] 1138513/419904
[0,0,4,1,0,0] 5910067/1889568
[1,1,1,0,0,1] 57625/23328
[0,0,2,0,0,0] 55/36
[2,0,1,0,1,1] 5796541/1889568
[1,0,3,1,0,0] 1218523/419904
[1,2,1,0,1,0] 1175053/419904
[0,0,2,0,1,1] 43649417/15116544
[1,0,0,0,0,0] 1
[2,1,0,1,0,0] 689/324
[0,2,0,2,0,0] 58387/23328
[2,0,1,2,0,0] 1194223/419904
[0,2,1,0,0,0] 607/324
[2,1,0,0,0,0] 11/6
[0,0,0,2,0,2] 876492545/272097792
[3,0,0,2,0,0] 8315/2916
[2,1,1,0,0,1] 1171885/419904
[2,0,0,0,2,1] 5591797/1679616
[0,1,1,0,0,2] 44191001/15116544
[5,0,0,0,0,0] 97/36
[1,3,1,0,0,0] 31985/11664
[1,0,2,0,2,0] 48706781/15116544
[0,2,0,0,0,3] 18237684653/4897760256
[0,0,2,3,0,0] 48682801/15116544
[2,0,0,0,1,0] 154/81
[1,1,0,0,1,2] 928688765/272097792
[1,4,0,0,0,0] 3553/1296
[1,0,0,0,0,1] 257/162
[0,0,1,0,1,1] 1014457/419904
[0,0,0,1,1,2] 1782340321/544195584
[0,3,0,0,0,0] 67/36
[0,0,0,2,3,0] 9028700677/2448880128
[0,4,0,1,0,0] 65551/23328
[1,0,1,0,2,0] 1126261/419904
[1,1,0,1,0,2] 453241651/136048896
[0,2,1,0,1,1] 48249253/15116544
[4,1,0,0,0,0] 97/36
[0,3,1,1,0,0] 1178707/419904
[1,0,1,1,1,0] 1047469/419904
[0,1,1,0,0,0] 47/36
[1,1,1,0,2,0] 5720545/1889568
[0,2,0,0,3,0] 465197953/136048896
[4,0,0,0,0,1] 10925/3888
[0,1,3,1,0,0] 1254019/419904
[0,0,0,0,4,0] 902043449/272097792
[0,1,1,0,3,0] 924508313/272097792
[1,0,1,0,1,0] 2549/1296
[2,1,0,2,0,0] 65899/23328
[2,0,0,0,0,3] 982833053/272097792
[2,0,0,0,1,1] 1122673/419904
[0,1,0,0,2,0] 5969/2592
[0,0,0,4,0,0] 170696/59049
[0,0,3,0,1,0] 1141327/419904
[0,2,2,0,0,0] 26873/11664
[0,4,1,0,0,0] 16127/5832
[1,1,3,0,0,0] 16381/5832
[1,0,0,2,0,0] 877/432
[0,1,0,0,1,1] 987673/419904
[0,0,0,0,3,0] 1107769/419904
[1,0,0,3,1,0] 5450641/1679616
[1,1,1,0,0,2] 49338109/15116544
[0,4,0,0,0,1] 1263745/419904
[2,0,0,1,0,0] 67/36
[0,0,0,0,2,1] 5035879/1889568
[0,1,0,2,0,1] 1334725/472392
[0,0,0,4,1,0] 1928154701/544195584
[2,0,0,1,1,1] 47778473/15116544
[2,1,1,0,0,0] 154/81
[3,2,0,0,0,0] 97/36
[2,0,0,3,0,0] 1274521/419904
[4,0,0,0,1,0] 10639/3888
[0,2,0,0,0,1] 24347/11664
[0,0,1,2,1,1] 17097365357/4897760256
[1,0,0,0,0,2] 1044193/419904
[1,2,0,0,2,0] 425431/139968
[1,0,1,1,0,0] 619/324
[2,0,1,0,0,2] 49770785/15116544
[3,0,0,0,0,0] 11/6
[0,3,0,0,1,1] 48872513/15116544
[1,0,2,0,0,0] 154/81
[0,2,0,1,2,0] 200875/62208
[0,2,1,1,1,0] 11191133/3779136
[0,1,2,1,0,1] 47286793/15116544
[1,2,0,0,0,2] 49530017/15116544
[1,1,2,0,1,0] 1195759/419904
[0,1,0,1,1,0] 12349/5832
[1,0,1,0,0,1] 23519/11664
[0,0,3,0,0,1] 392729/139968
[3,0,0,1,0,1] 1247197/419904
[2,1,2,0,0,0] 32057/11664
[1,0,0,1,0,3] 9203377549/2448880128
[0,1,2,1,0,0] 18793/7776
[2,0,0,1,0,1] 60641/23328
[0,0,1,0,3,1] 3083396675/816293376
[2,2,1,0,0,0] 1171/432
[1,0,1,0,1,2] 1883184961/544195584
[0,1,0,1,0,2] 45176917/15116544
[0,0,1,3,1,0] 914803577/272097792
[1,0,1,2,0,0] 18845/7776
[0,0,0,2,1,2] 675134115577/176319369216
[0,1,0,3,0,0] 1120873/419904
[0,0,2,1,1,0] 1130233/419904
[0,0,1,0,0,1] 2285/1296
[1,1,1,1,0,0] 24455/11664
[1,1,0,0,2,1] 451347943/136048896
[1,2,0,2,0,0] 1188319/419904
[1,0,1,0,3,0] 462133345/136048896
[0,1,2,2,0,0] 717479/236196
[0,1,1,0,2,1] 1863348817/544195584
[0,0,3,1,0,1] 450554953/136048896
[0,0,3,0,0,2] 1954806457/544195584
[1,0,0,2,0,2] 1936109089/544195584
[0,2,1,1,0,1] 46074569/15116544
[0,1,0,0,1,3] 689378999785/176319369216
[0,0,2,0,2,0] 5380867/1889568
[3,0,1,0,0,0] 56/27
[2,3,0,0,0,0] 439/162
[1,1,0,0,1,0] 155/81
[0,3,0,1,0,1] 2908283/944784
[0,2,0,2,0,1] 48189169/15116544
[2,1,0,0,0,1] 28379/11664
[0,0,1,2,1,0] 2626781/944784
[2,0,0,2,0,1] 1477825/472392
[3,0,0,0,0,2] 1383721/419904
[1,1,2,0,0,1] 404489/139968
[0,3,0,2,0,0] 1231049/419904
[3,1,0,1,0,0] 1169/432
[2,0,1,1,0,1] 1248977/419904
[1,0,0,0,3,1] 17894273381/4897760256
[0,1,2,0,1,1] 442230511/136048896
[1,1,0,1,0,0] 151/81
[1,0,0,0,1,0] 55/36
[1,0,0,0,0,4] 717145899577/176319369216
[0,2,0,3,0,0] 2900165/944784
[0,1,2,1,1,0] 46295267/15116544
[0,0,0,1,0,3] 17012179277/4897760256
[1,2,1,0,0,1] 1194493/419904
[0,0,0,1,2,0] 1032985/419904
[0,1,0,2,0,0] 24131/11664
[1,0,1,0,0,2] 1348819/472392
[0,0,0,1,3,0] 425552017/136048896
[0,0,0,0,3,2] 361334043391/88159684608
[3,0,1,1,0,0] 31985/11664
[1,0,3,0,0,0] 27521/11664
[1,1,0,1,1,1] 47002189/15116544
[0,3,0,1,0,0] 28235/11664
[0,3,0,1,1,0] 418231/139968
[0,3,0,0,0,2] 51628261/15116544
[0,0,1,0,2,2] 679177555225/176319369216
[0,1,0,1,1,2] 8857011991/2448880128
[3,0,1,0,0,1] 66127/23328
[1,2,0,1,0,1] 1222369/419904
[0,1,1,3,0,0] 47015723/15116544
[0,0,2,2,0,1] 911580233/272097792
[1,1,0,0,0,2] 129725/46656
[3,0,0,0,1,1] 1286557/419904
[3,0,2,0,0,0] 10675/3888
[3,0,0,1,0,0] 121/54
[0,1,1,0,1,1] 5230927/1889568
[2,0,1,0,1,0] 28133/11664
[0,0,2,1,2,0] 914763977/272097792
[0,1,0,1,0,1] 51205/23328
[0,0,0,3,1,0] 44280509/15116544
[0,1,2,0,0,2] 935291237/272097792
[3,0,1,0,1,0] 32641/11664
[0,0,1,2,0,0] 12631/5832
[2,0,2,1,0,0] 21727/7776
[0,0,3,1,1,0] 5378573/1679616
[0,0,2,1,0,2] 17526238325/4897760256
[3,0,0,1,1,0] 22121/7776
[0,0,1,4,0,0] 454634563/136048896
[0,0,0,1,1,3] 358525787431/88159684608
[1,0,2,1,0,0] 13927/5832
[0,1,1,0,0,3] 9129152929/2448880128
[1,3,0,0,0,0] 157/81
[1,0,0,0,4,0] 1996484285/544195584
[1,2,1,0,0,0] 1279/648
[0,2,2,1,0,0] 1200737/419904
[0,1,1,2,0,1] 437085319/136048896
[0,1,1,1,2,0] 439301281/136048896
[0,0,0,0,5,0] 710983123909/176319369216
[0,1,0,2,2,0] 918135881/272097792
[0,0,1,0,3,0] 1715651/559872
[0,0,4,0,1,0] 48907301/15116544
[0,2,0,0,1,1] 387059/139968
[1,3,0,0,0,1] 1189777/419904
[0,3,0,0,2,0] 188012/59049
[1,0,2,0,0,2] 460902955/136048896
[1,0,0,0,2,2] 9105640087/2448880128
[0,1,3,0,1,0] 11542331/3779136
[0,1,0,0,3,1] 9097571569/2448880128
[0,1,1,1,0,0] 2567/1296
[0,1,2,0,2,0] 5374037/1679616
[0,0,1,1,2,0] 43337165/15116544
[0,1,0,1,3,0] 1905063581/544195584
[0,2,0,1,0,2] 935364641/272097792
[0,5,0,0,0,0] 32227/11664
[0,3,0,0,0,1] 20189/7776
[1,0,2,0,0,1] 1103557/419904
[0,2,2,0,1,0] 1230257/419904
[0,1,0,0,0,2] 1065721/419904
[0,2,1,0,0,2] 460778971/136048896
[1,0,1,0,0,3] 17918410517/4897760256
[0,0,2,0,2,1] 17434089701/4897760256
[0,0,1,1,1,0] 51569/23328
[1,2,0,0,1,0] 27425/11664
[1,1,1,0,1,1] 46078841/15116544
[0,1,0,0,0,4] 726794731723/176319369216
[0,1,0,0,2,2] 3093072131/816293376
[0,0,0,0,4,1] 711996042523/176319369216
[0,1,0,4,0,0] 49464865/15116544
[0,0,1,0,0,4] 367901639383/88159684608
[0,0,0,3,1,1] 8930525107/2448880128
[4,0,0,1,0,0] 437/162
[0,0,0,2,0,3] 708008997019/176319369216
[0,2,1,0,2,0] 47140277/15116544
[0,0,0,0,0,2] 49945/23328
[0,0,3,1,0,0] 1099435/419904
[3,1,0,0,0,0] 67/36
[0,0,0,0,2,3] 13318219070413/3173748645888
[2,0,0,0,0,2] 1182721/419904
[0,1,0,0,1,0] 257/162
[0,0,0,0,0,0] 0
[0,0,1,1,3,0] 17482255253/4897760256
[0,0,1,0,1,3] 700036840507/176319369216
[0,0,1,1,0,3] 684109571353/176319369216
[1,0,0,1,3,0] 929661209/272097792
[1,1,0,3,0,0] 1255087/419904
[1,1,0,1,2,0] 46768541/15116544
[0,0,0,0,2,2] 16718151869/4897760256
[1,0,0,3,0,0] 1106095/419904
[0,3,1,0,0,1] 5183/1728
[0,0,0,0,1,0] 41/36
[2,1,0,1,0,1] 1209361/419904
[0,1,1,2,1,0] 583937/186624
[1,0,1,3,0,0] 2849963/944784
[0,1,0,1,2,1] 17211053933/4897760256
[0,0,2,2,1,0] 442287913/136048896
[0,0,0,1,1,0] 763/432
[0,0,1,0,2,0] 1006429/419904
[0,1,2,0,0,0] 1271/648
[1,0,0,2,2,0] 450262849/136048896
[0,2,2,0,0,1] 5749957/1889568
[0,1,1,1,0,1] 124541/46656
[0,0,1,3,0,0] 1147663/419904
[2,2,0,0,0,1] 21545/7776
[1,1,1,2,0,0] 1201225/419904
[0,0,3,0,2,0] 462085717/136048896
[2,0,0,0,2,0] 61541/23328
[1,0,0,2,1,0] 1120825/419904
[1,0,1,1,0,1] 1104025/419904
[1,1,0,0,3,0] 5559841/1679616
[1,1,1,1,0,1] 1385881/472392
[1,0,0,0,2,1] 44900345/15116544
[1,1,0,1,1,0] 2083/864
[2,2,0,1,0,0] 31727/11664
[2,0,1,1,0,0] 2875/1296
[0,2,1,0,0,1] 1092397/419904
[1,0,2,0,1,1] 5338141/1679616
[1,0,2,0,1,0] 58961/23328
[0,1,0,0,4,0] 18144445157/4897760256
[0,0,0,2,0,0] 139/81
[1,1,1,0,0,0] 67/36
[0,0,1,1,2,1] 8805575155/2448880128
[1,0,1,2,1,0] 45989717/15116544
[1,2,0,1,0,0] 2831/1296
[2,0,1,0,0,0] 67/36
[2,2,0,0,0,0] 67/36
[0,0,2,0,1,0] 3157/1458
[0,0,0,0,0,3] 44368381/15116544
[1,0,0,0,0,3] 443476939/136048896
[0,0,1,0,0,3] 1835896225/544195584
[0,0,1,1,1,1] 44249293/15116544
[2,1,1,1,0,0] 16033/5832
[1,1,1,1,1,0] 1207993/419904
[0,2,0,0,0,2] 1380787/472392
[1,0,0,2,1,1] 911363981/272097792
[1,1,1,0,1,0] 6791/2916
[1,0,0,1,0,2] 44706449/15116544
[1,0,0,0,1,3] 3115020647/816293376
[0,2,1,2,0,0] 1227767/419904
[0,2,0,2,1,0] 46809797/15116544
[0,1,0,2,1,1] 1850871649/544195584
[0,0,1,2,0,2] 8962547809/2448880128
[0,0,2,1,0,0] 24059/11664
[0,0,1,1,1,2] 3026304587/816293376
[0,1,1,1,0,2] 1869558961/544195584
[0,0,0,3,2,0] 17615722517/4897760256
[0,4,0,0,0,0] 733/324
[2,0,1,0,2,0] 1307233/419904
[0,0,0,0,1,3] 8708858995/2448880128
[0,1,0,2,1,0] 1138945/419904
[1,0,1,1,1,1] 436001935/136048896
[0,0,0,1,0,4] 13535418800077/3173748645888
[2,0,0,0,0,0] 1
[1,0,0,2,0,1] 129703/46656
[0,0,0,1,0,1] 21683/11664
[0,0,0,1,2,2] 693843902779/176319369216
[0,0,0,2,1,0] 983101/419904
[1,0,0,0,1,1] 52717/23328
[0,0,3,0,0,0] 883/432
[1,0,0,1,0,1] 12577/5832
[1,1,0,2,0,1] 46347869/15116544
[1,0,1,0,0,0] 11/9
[0,1,0,0,0,1] 269/162
[0,2,3,0,0,0] 1201831/419904
[0,2,1,0,1,0] 58061/23328
[0,3,0,0,1,0] 14711/5832
[0,0,3,0,1,1] 930176933/272097792
[2,0,0,1,0,2] 51273865/15116544
[1,1,0,0,0,0] 1
[0,1,0,1,2,0] 1317715/472392
[1,2,0,0,0,0] 67/36
[1,0,0,4,0,0] 49230011/15116544
[0,0,0,1,4,0] 4680189977/1224440064
[0,1,0,1,0,0] 53/36
[0,1,3,0,0,1] 47561249/15116544
[0,0,1,3,0,1] 1883111233/544195584
[0,0,2,1,1,1] 1853867281/544195584
[0,2,0,0,1,2] 1929202513/544195584
[0,1,0,1,0,3] 3091619747/816293376
[0,1,2,0,1,0] 1077493/419904
[0,1,4,0,0,0] 1253929/419904
[3,0,0,0,1,0] 383/162
[1,0,0,1,1,1] 5285683/1889568
[1,3,0,0,1,0] 65137/23328
[0,0,0,1,1,1] 39007/15552
[0,0,1,1,0,2] 418943011/136048896
[1,3,0,1,0,0] 16025/5832
[2,0,2,0,0,0] 1411/648
[1,1,0,0,0,1] 281/144
[0,0,0,1,0,2] 2545601/944784
[0,0,0,3,0,0] 18089/7776
[2,0,0,0,1,2] 466284991/136048896
[1,2,2,0,0,0] 8087/2916
[0,1,2,0,0,1] 1118389/419904
[0,3,2,0,0,0] 8131/2916
[2,0,0,0,0,1] 71/36
[2,0,3,0,0,0] 4139/1458
[0,1,0,0,1,2] 423778063/136048896
[0,2,0,1,1,1] 443343343/136048896
[0,0,1,0,4,0] 9235734589/2448880128
[0,2,0,0,0,0] 23/18
[0,2,0,0,2,0] 1140805/419904
[1,0,2,1,1,0] 5655511/1889568
[1,0,3,0,1,0] 1270685/419904
[1,0,0,0,3,0] 5554333/1889568
[1,0,2,1,0,1] 46370801/15116544
[1,1,0,0,2,0] 1095709/419904
[0,1,0,2,0,2] 17514499373/4897760256
[1,0,0,1,1,0] 23735/11664
[0,0,0,0,1,1] 2881/1458
[0,0,4,0,0,1] 50074525/15116544
[0,0,0,1,0,0] 19/18
[1,0,2,2,0,0] 1233691/419904
[1,0,1,0,1,1] 1139593/419904
[1,2,1,1,0,0] 21457/7776
[0,1,1,0,1,2] 17384205365/4897760256
[0,2,1,1,0,0] 13661/5832
[2,0,0,1,2,0] 5859163/1889568
[2,1,0,0,1,0] 995/432
[0,0,1,0,0,2] 121201/46656
[1,1,0,2,0,0] 13729/5832
[1,1,0,0,0,3] 1959357649/544195584
[1,0,1,0,2,1] 917034029/272097792
[0,0,1,0,2,1] 420717559/136048896
[0,2,0,0,1,0] 2609/1296
[1,2,0,0,0,1] 14389/5832
[3,0,0,0,2,0] 1284649/419904
[0,0,0,2,2,1] 3041021471/816293376
[0,0,0,0,1,2] 41956697/15116544
[1,0,0,0,1,2] 45733789/15116544
[0,0,0,0,0,1] 5/4
[0,1,0,0,3,0] 45151133/15116544
[0,0,2,2,0,0] 1104673/419904
[0,3,1,0,1,0] 1210393/419904
[0,0,2,0,3,0] 1935928829/544195584
[0,0,1,1,0,0] 124/81
[2,0,0,2,1,0] 1263005/419904
[2,0,2,0,1,0] 1226113/419904
[0,2,0,0,2,1] 935846609/272097792
[4,0,0,0,0,0] 11/6
[0,0,0,0,1,4] 27547987444445/6347497291776
[1,2,0,0,1,1] 5788063/1889568
[0,0,0,0,0,5] 28819281787445/6347497291776
[0,2,0,1,0,0] 307/162
[0,3,1,0,0,0] 2969/1296
[0,0,0,1,3,1] 679505138665/176319369216
[1,0,0,3,0,1] 454083169/136048896
[0,1,0,3,0,1] 916490021/272097792
[0,0,0,3,0,1] 46060453/15116544
[0,0,1,0,1,0] 136/81
[2,0,2,0,0,1] 1228909/419904
[1,2,0,1,1,0] 1202149/419904
[0,0,0,0,0,4] 3046748879/816293376
[2,0,0,2,0,0] 28235/11664
[0,0,0,5,0,0] 961704815/272097792
[1,1,2,0,0,0] 883/432
[0,2,0,1,0,1] 1117921/419904
[1,1,0,2,1,0] 1416589/472392
[3,1,1,0,0,0] 1751/648
[0,1,1,1,1,1] 889944917/272097792
[0,1,1,1,1,0] 1064269/419904
[0,1,0,0,0,3] 902908589/272097792
[0,0,0,2,1,1] 416769295/136048896
[1,1,0,1,0,1] 1074505/419904
[0,1,1,2,0,0] 1038415/419904
[0,4,0,0,1,0] 1226857/419904
[1,0,0,1,1,2] 17418708557/4897760256
[1,0,1,1,2,0] 1774979/559872
[2,0,0,1,1,0] 14485/5832
[3,0,0,0,0,1] 1055/432
[0,0,0,1,2,1] 867106589/272097792
[0,1,3,0,0,0] 7007/2916
[0,0,2,0,1,2] 8950798381/2448880128
[2,0,1,0,0,1] 7373/2916
[2,0,0,0,3,0] 50425421/15116544
[0,0,3,2,0,0] 47635427/15116544
[3,1,0,0,1,0] 31967/11664
[0,0,1,1,0,1] 963265/419904
[0,2,0,1,1,0] 1071949/419904
[3,1,0,0,0,1] 5375/1944
[2,0,1,1,1,0] 1213525/419904
[1,0,0,0,2,0] 1637/729
[2,1,0,0,1,1] 140449/46656
[1,0,0,1,2,0] 1146793/419904
[0,0,2,0,0,2] 45870877/15116544
[4,0,1,0,0,0] 97/36
[0,0,0,2,2,0] 1672315/559872
[0,0,2,1,0,1] 5297347/1889568
[1,0,1,2,0,1] 47566225/15116544
[2,1,0,0,0,2] 1527973/472392
[0,0,0,0,3,1] 1824372913/544195584
[2,1,1,0,1,0] 7177/2592
[2,1,0,0,2,0] 1259893/419904
[1,1,2,1,0,0] 1181083/419904
[0,0,0,3,0,2] 777692549/204073344
[0,0,0,0,2,0] 22583/11664
[2,1,0,1,1,0] 1187977/419904
[0,1,0,1,1,1] 43192649/15116544
[0,1,0,0,0,0] 1
[0,0,1,0,1,2] 865165613/272097792
[1,1,0,0,1,1] 1112377/419904
[1,0,3,0,0,1] 11594045/3779136
[0,0,5,0,0,0] 164605/52488
[0,0,1,2,0,1] 43542569/15116544
[0,0,2,0,0,1] 52009/23328
