[0,0,0,0,0,1] 5/4
[0,0,0,0,0,0] 0
[0,0,0,0,1,0] 41/36
[1,0,0,0,0,0] 1
[0,1,0,0,0,0] 1
[0,0,1,0,0,0] 1
[0,0,0,1,0,0] 19/18
[0,0,0,0,0,1] 5/4
[0,0,0,0,0,0] 0
[0,0,1,0,0,0] 1
[0,1,0,1,0,0] 53/36
[0,0,1,0,1,0] 136/81
[0,0,0,1,0,0] 19/18
[1,0,0,0,0,0] 1
[1,0,0,0,0,1] 257/162
[0,0,0,1,1,0] 763/432
[1,1,0,0,0,0] 1
[0,0,2,0,0,0] 55/36
[0,0,0,0,2,0] 22583/11664
[0,1,1,0,0,0] 47/36
[0,0,0,0,1,1] 2881/1458
[0,0,0,0,0,2] 49945/23328
[0,0,0,2,0,0] 139/81
[0,1,0,0,1,0] 257/162
[0,2,0,0,0,0] 23/18
[0,0,0,1,0,1] 21683/11664
[1,0,0,0,1,0] 55/36
[0,0,0,0,1,0] 41/36
[0,1,0,0,0,1] 269/162
[1,0,0,1,0,0] 17/12
[2,0,0,0,0,0] 1
[1,0,1,0,0,0] 11/9
[0,0,1,1,0,0] 124/81
[0,0,1,0,0,1] 2285/1296
[0,1,0,0,0,0] 1
[0,0,0,0,2,1] 5035879/1889568
[0,1,0,0,1,0] 257/162
[0,0,0,0,0,3] 44368381/15116544
[0,1,0,0,2,0] 5969/2592
[0,0,0,0,0,0] 0
[0,1,0,0,0,2] 1065721/419904
[2,0,1,0,0,0] 67/36
[0,0,0,0,0,2] 49945/23328
[1,0,0,1,0,0] 17/12
[1,0,0,0,0,0] 1
[2,0,0,0,1,0] 154/81
[1,0,0,2,0,0] 877/432
[0,1,1,1,0,0] 2567/1296
[0,0,2,0,0,1] 52009/23328
[0,0,0,1,0,0] 19/18
[0,0,1,1,0,1] 963265/419904
[0,0,0,0,0,1] 5/4
[1,0,1,0,0,0] 11/9
[1,1,0,0,0,0] 1
[1,0,0,0,2,0] 1637/729
[0,0,0,2,0,1] 1022665/419904
[0,2,1,0,0,0] 607/324
[0,1,1,0,1,0] 23555/11664
[0,0,1,0,1,1] 1014457/419904
[0,0,1,2,0,0] 12631/5832
[0,0,0,1,1,1] 39007/15552
[0,1,0,0,1,1] 987673/419904
[0,0,3,0,0,0] 883/432
[0,0,0,0,3,0] 1107769/419904
[0,0,0,0,1,2] 41956697/15116544
[0,0,0,2,1,0] 983101/419904
[0,0,0,0,2,0] 22583/11664
[0,0,0,2,0,0] 139/81
[1,0,0,1,1,0] 23735/11664
[0,0,1,0,0,1] 2285/1296
[1,0,0,0,1,0] 55/36
[1,0,2,0,0,0] 154/81
[0,0,1,0,1,0] 136/81
[0,0,1,1,0,0] 124/81
[1,0,1,1,0,0] 619/324
[0,1,0,0,0,1] 269/162
[1,1,0,0,0,1] 281/144
[0,0,2,0,1,0] 3157/1458
[0,3,0,0,0,0] 67/36
[0,0,0,1,0,1] 21683/11664
[2,0,0,1,0,0] 67/36
[1,1,0,1,0,0] 151/81
[0,2,0,0,0,1] 24347/11664
[3,0,0,0,0,0] 11/6
[1,1,0,0,1,0] 155/81
[0,0,1,0,2,0] 1006429/419904
[0,2,0,0,1,0] 2609/1296
[1,0,0,0,0,2] 1044193/419904
[0,1,1,0,0,0] 47/36
[2,1,0,0,0,0] 11/6
[0,0,2,0,0,0] 55/36
[1,1,1,0,0,0] 67/36
[0,2,0,0,0,0] 23/18
[1,0,1,0,1,0] 2549/1296
[1,0,1,0,0,1] 23519/11664
[1,0,0,0,1,1] 52717/23328
[0,1,2,0,0,0] 1271/648
[0,1,0,1,1,0] 12349/5832
[0,0,1,0,0,0] 1
[0,0,0,0,1,1] 2881/1458
[0,1,0,1,0,1] 51205/23328
[1,2,0,0,0,0] 67/36
[0,0,2,1,0,0] 24059/11664
[0,0,0,3,0,0] 18089/7776
[0,0,0,1,2,0] 1032985/419904
[0,1,0,2,0,0] 24131/11664
[0,0,0,1,0,2] 2545601/944784
[2,0,0,0,0,0] 1
[0,0,0,0,1,0] 41/36
[0,2,0,1,0,0] 307/162
[0,0,1,1,1,0] 51569/23328
[1,0,0,0,0,1] 257/162
[0,1,1,0,0,1] 6149/2916
[0,1,0,0,0,0] 1
[2,0,0,0,0,1] 71/36
[0,0,1,0,0,2] 121201/46656
[1,0,0,1,0,1] 12577/5832
[0,1,0,1,0,0] 53/36
[0,0,0,1,1,0] 763/432
[1,2,0,1,0,0] 2831/1296
[0,1,2,0,1,0] 1077493/419904
[0,1,0,1,1,0] 12349/5832
[2,0,0,1,1,0] 14485/5832
[0,0,0,0,0,0] 0
[0,1,0,0,0,3] 902908589/272097792
[0,0,1,2,0,1] 43542569/15116544
[1,0,1,0,1,1] 1139593/419904
[0,0,1,1,0,2] 418943011/136048896
[0,2,0,0,0,1] 24347/11664
[1,0,0,0,0,0] 1
[1,0,0,2,0,0] 877/432
[1,1,0,0,0,2] 129725/46656
[2,0,0,0,0,0] 1
[1,0,1,1,0,1] 1104025/419904
[0,4,0,0,0,0] 733/324
[0,1,0,0,1,1] 987673/419904
[0,0,1,0,1,2] 865165613/272097792
[1,0,0,0,0,3] 443476939/136048896
[1,0,0,3,0,0] 1106095/419904
[2,0,1,1,0,0] 2875/1296
[2,0,1,0,0,1] 7373/2916
[0,0,1,0,3,0] 1715651/559872
[0,0,1,0,2,0] 1006429/419904
[1,0,1,1,0,0] 619/324
[2,1,0,0,0,1] 28379/11664
[0,2,1,1,0,0] 13661/5832
[0,1,0,0,3,0] 45151133/15116544
[0,0,0,0,4,0] 902043449/272097792
[0,0,0,0,2,1] 5035879/1889568
[1,0,1,0,0,0] 11/9
[0,1,1,0,0,1] 6149/2916
[0,1,3,0,0,0] 7007/2916
[1,1,0,1,0,0] 151/81
[0,0,0,0,1,2] 41956697/15116544
[0,0,0,2,0,0] 139/81
[1,1,1,0,0,1] 57625/23328
[1,0,3,0,0,0] 27521/11664
[0,1,0,0,0,2] 1065721/419904
[0,0,0,1,0,2] 2545601/944784
[0,0,0,0,2,0] 22583/11664
[0,2,0,2,0,0] 58387/23328
[1,0,1,0,2,0] 1126261/419904
[0,0,4,0,0,0] 15085/5832
[0,0,3,1,0,0] 1099435/419904
[0,0,2,2,0,0] 1104673/419904
[2,0,0,1,0,0] 67/36
[0,0,0,2,2,0] 1672315/559872
[0,1,1,1,0,1] 124541/46656
[0,2,1,0,1,0] 58061/23328
[0,2,0,1,1,0] 1071949/419904
[2,0,0,2,0,0] 28235/11664
[1,0,0,0,1,0] 55/36
[0,0,1,0,2,1] 420717559/136048896
[2,0,0,1,0,1] 60641/23328
[0,0,0,4,0,0] 170696/59049
[0,0,2,0,0,2] 45870877/15116544
[1,1,1,0,1,0] 6791/2916
[0,0,1,2,0,0] 12631/5832
[2,1,0,0,0,0] 11/6
[1,0,1,0,0,1] 23519/11664
[0,1,0,3,0,0] 1120873/419904
[0,0,1,2,1,0] 2626781/944784
[1,0,0,1,1,1] 5285683/1889568
[0,0,0,0,0,4] 3046748879/816293376
[1,1,0,2,0,0] 13729/5832
[1,0,1,2,0,0] 18845/7776
[0,0,0,1,2,0] 1032985/419904
[1,0,2,1,0,0] 13927/5832
[0,1,0,0,0,1] 269/162
[1,1,0,0,1,0] 155/81
[0,0,0,0,1,1] 2881/1458
[2,1,1,0,0,0] 154/81
[0,1,0,1,0,0] 53/36
[1,0,2,0,0,1] 1103557/419904
[0,1,1,0,1,1] 5230927/1889568
[0,1,0,2,0,1] 1334725/472392
[0,0,2,0,1,0] 3157/1458
[0,0,0,1,1,0] 763/432
[2,1,0,0,1,0] 995/432
[2,0,2,0,0,0] 1411/648
[0,2,0,0,0,2] 1380787/472392
[0,0,3,0,1,0] 1141327/419904
[0,0,0,2,1,1] 416769295/136048896
[0,0,0,0,1,0] 41/36
[1,1,0,0,0,0] 1
[0,1,1,2,0,0] 1038415/419904
[2,0,1,0,1,0] 28133/11664
[0,0,1,0,0,0] 1
[2,0,0,0,0,2] 1182721/419904
[0,1,0,1,0,1] 51205/23328
[1,2,1,0,0,0] 1279/648
[1,1,0,0,1,1] 1112377/419904
[0,0,0,3,1,0] 44280509/15116544
[1,1,0,0,0,1] 281/144
[0,0,1,0,0,1] 2285/1296
[0,0,0,0,3,0] 1107769/419904
[1,0,0,0,3,0] 5554333/1889568
[0,0,1,1,2,0] 43337165/15116544
[0,0,3,0,0,0] 883/432
[0,0,0,1,0,0] 19/18
[0,0,1,1,0,1] 963265/419904
[1,0,0,0,0,2] 1044193/419904
[2,0,1,0,0,0] 67/36
[1,0,0,1,0,2] 44706449/15116544
[0,0,3,0,0,1] 392729/139968
[0,0,2,1,1,0] 1130233/419904
[0,1,1,0,1,0] 23555/11664
[0,0,0,1,1,2] 1782340321/544195584
[2,0,0,0,0,1] 71/36
[1,0,0,0,2,0] 1637/729
[0,0,0,0,3,1] 1824372913/544195584
[1,1,1,1,0,0] 24455/11664
[1,1,1,0,0,0] 67/36
[0,0,1,1,1,0] 51569/23328
[0,0,1,3,0,0] 1147663/419904
[0,2,0,1,0,1] 1117921/419904
[0,1,2,0,0,1] 1118389/419904
[0,1,0,0,1,0] 257/162
[0,1,0,2,1,0] 1138945/419904
[1,2,0,0,0,0] 67/36
[0,0,0,1,1,1] 39007/15552
[3,0,0,1,0,0] 121/54
[0,2,0,1,0,0] 307/162
[0,0,0,0,0,1] 5/4
[0,1,2,1,0,0] 18793/7776
[0,1,0,0,2,0] 5969/2592
[0,0,0,2,0,1] 1022665/419904
[3,0,0,0,1,0] 383/162
[2,2,0,0,0,0] 67/36
[0,0,1,1,0,0] 124/81
[1,0,1,0,0,2] 1348819/472392
[1,0,1,1,1,0] 1047469/419904
[1,0,0,1,0,1] 12577/5832
[1,0,0,1,1,0] 23735/11664
[0,2,0,0,1,1] 387059/139968
[0,2,0,0,0,0] 23/18
[0,0,1,0,1,1] 1014457/419904
[2,0,0,0,2,0] 61541/23328
[1,1,2,0,0,0] 883/432
[1,0,0,0,1,2] 45733789/15116544
[3,0,0,0,0,0] 11/6
[3,1,0,0,0,0] 67/36
[0,1,0,0,0,0] 1
[1,1,0,1,1,0] 2083/864
[0,0,1,0,1,0] 136/81
[1,0,0,1,2,0] 1146793/419904
[0,1,1,0,0,0] 47/36
[0,0,0,0,0,3] 44368381/15116544
[0,2,1,0,0,0] 607/324
[0,0,0,2,1,0] 983101/419904
[0,1,0,2,0,0] 24131/11664
[1,0,0,2,0,1] 129703/46656
[1,0,0,0,2,1] 44900345/15116544
[0,2,0,0,1,0] 2609/1296
[0,3,0,1,0,0] 28235/11664
[0,3,0,0,1,0] 14711/5832
[1,3,0,0,0,0] 157/81
[0,3,0,0,0,1] 20189/7776
[0,0,2,0,0,1] 52009/23328
[0,1,1,1,1,0] 1064269/419904
[2,0,0,0,1,1] 1122673/419904
[0,2,2,0,0,0] 26873/11664
[0,1,0,0,2,1] 45826213/15116544
[0,0,2,1,0,1] 5297347/1889568
[0,0,0,3,0,1] 46060453/15116544
[0,1,0,1,0,2] 45176917/15116544
[0,1,1,1,0,0] 2567/1296
[1,0,0,0,1,1] 52717/23328
[0,2,1,0,0,1] 1092397/419904
[0,0,0,2,0,2] 876492545/272097792
[0,0,0,0,1,3] 8708858995/2448880128
[1,2,0,0,0,1] 14389/5832
[1,0,0,0,0,1] 257/162
[0,0,0,1,0,3] 17012179277/4897760256
[0,0,2,1,0,0] 24059/11664
[0,1,1,0,0,2] 44191001/15116544
[2,0,0,0,1,0] 154/81
[0,1,1,0,2,0] 1138513/419904
[3,0,0,0,0,1] 1055/432
[0,1,0,0,1,2] 423778063/136048896
[1,0,0,1,0,0] 17/12
[1,1,0,1,0,1] 1074505/419904
[0,1,0,1,1,1] 43192649/15116544
[4,0,0,0,0,0] 11/6
[0,0,1,1,1,1] 44249293/15116544
[0,0,1,0,0,3] 1835896225/544195584
[0,0,2,0,1,1] 43649417/15116544
[0,3,1,0,0,0] 2969/1296
[0,1,0,1,2,0] 1317715/472392
[0,0,0,1,0,1] 21683/11664
[2,1,0,1,0,0] 689/324
[0,1,2,0,0,0] 1271/648
[0,3,0,0,0,0] 67/36
[1,0,1,0,1,0] 2549/1296
[0,0,0,3,0,0] 18089/7776
[1,2,0,0,1,0] 27425/11664
[1,1,0,0,2,0] 1095709/419904
[0,0,0,0,0,2] 49945/23328
[0,2,0,0,2,0] 1140805/419904
[0,0,2,0,2,0] 5380867/1889568
[1,0,2,0,1,0] 58961/23328
[1,0,2,0,0,0] 154/81
[1,0,0,2,1,0] 1120825/419904
[0,0,1,0,0,2] 121201/46656
[0,0,0,1,3,0] 425552017/136048896
[0,0,0,1,2,1] 867106589/272097792
[0,0,2,0,0,0] 55/36
[0,0,0,0,2,2] 16718151869/4897760256
[3,0,1,0,0,0] 56/27
[1,0,0,1,0,0] 17/12
[1,0,0,1,2,1] 1869805489/544195584
[0,0,0,2,0,1] 1022665/419904
[0,1,0,0,2,1] 45826213/15116544
[0,0,4,0,0,0] 15085/5832
[2,2,0,0,1,0] 4019/1458
[0,1,0,3,1,0] 447552265/136048896
[0,1,1,0,0,1] 6149/2916
[0,0,1,2,2,0] 1872717437/544195584
[1,0,1,1,0,2] 930978977/272097792
[1,0,4,0,0,0] 1236895/419904
[0,0,0,4,0,1] 17799429941/4897760256
[0,0,1,0,0,0] 1
[0,0,2,0,0,3] 3129712211/816293376
[0,1,1,0,1,0] 23555/11664
[0,1,1,0,2,0] 1138513/419904
[0,0,4,1,0,0] 5910067/1889568
[1,1,1,0,0,1] 57625/23328
[0,0,2,0,0,0] 55/36
[2,0,1,0,1,1] 5796541/1889568
[1,0,3,1,0,0] 1218523/419904
[1,2,1,0,1,0] 1175053/419904
[0,0,2,0,1,1] 43649417/15116544
[1,0,0,0,0,0] 1
[2,1,0,1,0,0] 689/324
[0,2,0,2,0,0] 58387/23328
[2,0,1,2,0,0] 1194223/419904
[0,2,1,0,0,0] 607/324
[2,1,0,0,0,0] 11/6
[0,0,0,2,0,2] 876492545/272097792
[3,0,0,2,0,0] 8315/2916
[2,1,1,0,0,1] 1171885/419904
[2,0,0,0,2,1] 5591797/1679616
[0,1,1,0,0,2] 44191001/15116544
[5,0,0,0,0,0] 97/36
[1,3,1,0,0,0] 31985/11664
[1,0,2,0,2,0] 48706781/15116544
[0,2,0,0,0,3] 18237684653/4897760256
[0,0,2,3,0,0] 48682801/15116544
[2,0,0,0,1,0] 154/81
[1,1,0,0,1,2] 928688765/272097792
[1,4,0,0,0,0] 3553/1296
[1,0,0,0,0,1] 257/162
[0,0,1,0,1,1] 1014457/419904
[0,0,0,1,1,2] 1782340321/544195584
[0,3,0,0,0,0] 67/36
[0,0,0,2,3,0] 9028700677/2448880128
[0,4,0,1,0,0] 65551/23328
[1,0,1,0,2,0] 1126261/419904
[1,1,0,1,0,2] 453241651/136048896
[0,2,1,0,1,1] 48249253/15116544
[4,1,0,0,0,0] 97/36
[0,3,1,1,0,0] 1178707/419904
[1,0,1,1,1,0] 1047469/419904
[0,1,1,0,0,0] 47/36
[1,1,1,0,2,0] 5720545/1889568
[0,2,0,0,3,0] 465197953/136048896
[4,0,0,0,0,1] 10925/3888
[0,1,3,1,0,0] 1254019/419904
[0,0,0,0,4,0] 902043449/272097792
[0,1,1,0,3,0] 924508313/272097792
[1,0,1,0,1,0] 2549/1296
[2,1,0,2,0,0] 65899/23328
[2,0,0,0,0,3] 982833053/272097792
[2,0,0,0,1,1] 1122673/419904
[0,1,0,0,2,0] 5969/2592
[0,0,0,4,0,0] 170696/59049
[0,0,3,0,1,0] 1141327/419904
[0,2,2,0,0,0] 26873/11664
[0,4,1,0,0,0] 16127/5832
[1,1,3,0,0,0] 16381/5832
[1,0,0,2,0,0] 877/432
[0,1,0,0,1,1] 987673/419904
[0,0,0,0,3,0] 1107769/419904
[1,0,0,3,1,0] 5450641/1679616
[1,1,1,0,0,2] 49338109/15116544
[0,4,0,0,0,1] 1263745/419904
[2,0,0,1,0,0] 67/36
[0,0,0,0,2,1] 5035879/1889568
[0,1,0,2,0,1] 1334725/472392
[0,0,0,4,1,0] 1928154701/544195584
[2,0,0,1,1,1] 47778473/15116544
[2,1,1,0,0,0] 154/81
[3,2,0,0,0,0] 97/36
[2,0,0,3,0,0] 1274521/419904
[4,0,0,0,1,0] 10639/3888
[0,2,0,0,0,1] 24347/11664
[0,0,1,2,1,1] 17097365357/4897760256
[1,0,0,0,0,2] 1044193/419904
[1,2,0,0,2,0] 425431/139968
[1,0,1,1,0,0] 619/324
[2,0,1,0,0,2] 49770785/15116544
[3,0,0,0,0,0] 11/6
[0,3,0,0,1,1] 48872513/15116544
[1,0,2,0,0,0] 154/81
[0,2,0,1,2,0] 200875/62208
[0,2,1,1,1,0] 11191133/3779136
[0,1,2,1,0,1] 47286793/15116544
[1,2,0,0,0,2] 49530017/15116544
[1,1,2,0,1,0] 1195759/419904
[0,1,0,1,1,0] 12349/5832
[1,0,1,0,0,1] 23519/11664
[0,0,3,0,0,1] 392729/139968
[3,0,0,1,0,1] 1247197/419904
[2,1,2,0,0,0] 32057/11664
[1,0,0,1,0,3] 9203377549/2448880128
[0,1,2,1,0,0] 18793/7776
[2,0,0,1,0,1] 60641/23328
[0,0,1,0,3,1] 3083396675/816293376
[2,2,1,0,0,0] 1171/432
[1,0,1,0,1,2] 1883184961/544195584
[0,1,0,1,0,2] 45176917/15116544
[0,0,1,3,1,0] 914803577/272097792
[1,0,1,2,0,0] 18845/7776
[0,0,0,2,1,2] 675134115577/176319369216
[0,1,0,3,0,0] 1120873/419904
[0,0,2,1,1,0] 1130233/419904
[0,0,1,0,0,1] 2285/1296
[1,1,1,1,0,0] 24455/11664
[1,1,0,0,2,1] 451347943/136048896
[1,2,0,2,0,0] 1188319/419904
[1,0,1,0,3,0] 462133345/136048896
[0,1,2,2,0,0] 717479/236196
[0,1,1,0,2,1] 1863348817/544195584
[0,0,3,1,0,1] 450554953/136048896
[0,0,3,0,0,2] 1954806457/544195584
[1,0,0,2,0,2] 1936109089/544195584
[0,2,1,1,0,1] 46074569/15116544
[0,1,0,0,1,3] 689378999785/176319369216
[0,0,2,0,2,0] 5380867/1889568
[3,0,1,0,0,0] 56/27
[2,3,0,0,0,0] 439/162
[1,1,0,0,1,0] 155/81
[0,3,0,1,0,1] 2908283/944784
[0,2,0,2,0,1] 48189169/15116544
[2,1,0,0,0,1] 28379/11664
[0,0,1,2,1,0] 2626781/944784
[2,0,0,2,0,1] 1477825/472392
[3,0,0,0,0,2] 1383721/419904
[1,1,2,0,0,1] 404489/139968
[0,3,0,2,0,0] 1231049/419904
[3,1,0,1,0,0] 1169/432
[2,0,1,1,0,1] 1248977/419904
[1,0,0,0,3,1] 17894273381/4897760256
[0,1,2,0,1,1] 442230511/136048896
[1,1,0,1,0,0] 151/81
[1,0,0,0,1,0] 55/36
[1,0,0,0,0,4] 717145899577/176319369216
[0,2,0,3,0,0] 2900165/944784
[0,1,2,1,1,0] 46295267/15116544
[0,0,0,1,0,3] 17012179277/4897760256
[1,2,1,0,0,1] 1194493/419904
[0,0,0,1,2,0] 1032985/419904
[0,1,0,2,0,0] 24131/11664
[1,0,1,0,0,2] 1348819/472392
[0,0,0,1,3,0] 425552017/136048896
[0,0,0,0,3,2] 361334043391/88159684608
[3,0,1,1,0,0] 31985/11664
[1,0,3,0,0,0] 27521/11664
[1,1,0,1,1,1] 47002189/15116544
[0,3,0,1,0,0] 28235/11664
[0,3,0,1,1,0] 418231/139968
[0,3,0,0,0,2] 51628261/15116544
[0,0,1,0,2,2] 679177555225/176319369216
[0,1,0,1,1,2] 8857011991/2448880128
[3,0,1,0,0,1] 66127/23328
[1,2,0,1,0,1] 1222369/419904
[0,1,1,3,0,0] 47015723/15116544
[0,0,2,2,0,1] 911580233/272097792
[1,1,0,0,0,2] 129725/46656
[3,0,0,0,1,1] 1286557/419904
[3,0,2,0,0,0] 10675/3888
[3,0,0,1,0,0] 121/54
[0,1,1,0,1,1] 5230927/1889568
[2,0,1,0,1,0] 28133/11664
[0,0,2,1,2,0] 914763977/272097792
[0,1,0,1,0,1] 51205/23328
[0,0,0,3,1,0] 44280509/15116544
[0,1,2,0,0,2] 935291237/272097792
[3,0,1,0,1,0] 32641/11664
[0,0,1,2,0,0] 12631/5832
[2,0,2,1,0,0] 21727/7776
[0,0,3,1,1,0] 5378573/1679616
[0,0,2,1,0,2] 17526238325/4897760256
[3,0,0,1,1,0] 22121/7776
[0,0,1,4,0,0] 454634563/136048896
[0,0,0,1,1,3] 358525787431/88159684608
[1,0,2,1,0,0] 13927/5832
[0,1,1,0,0,3] 9129152929/2448880128
[1,3,0,0,0,0] 157/81
[1,0,0,0,4,0] 1996484285/544195584
[1,2,1,0,0,0] 1279/648
[0,2,2,1,0,0] 1200737/419904
[0,1,1,2,0,1] 437085319/136048896
[0,1,1,1,2,0] 439301281/136048896
[0,0,0,0,5,0] 710983123909/176319369216
[0,1,0,2,2,0] 918135881/272097792
[0,0,1,0,3,0] 1715651/559872
[0,0,4,0,1,0] 48907301/15116544
[0,2,0,0,1,1] 387059/139968
[1,3,0,0,0,1] 1189777/419904
[0,3,0,0,2,0] 188012/59049
[1,0,2,0,0,2] 460902955/136048896
[1,0,0,0,2,2] 9105640087/2448880128
[0,1,3,0,1,0] 11542331/3779136
[0,1,0,0,3,1] 9097571569/2448880128
[0,1,1,1,0,0] 2567/1296
[0,1,2,0,2,0] 5374037/1679616
[0,0,1,1,2,0] 43337165/15116544
[0,1,0,1,3,0] 1905063581/544195584
[0,2,0,1,0,2] 935364641/272097792
[0,5,0,0,0,0] 32227/11664
[0,3,0,0,0,1] 20189/7776
[1,0,2,0,0,1] 1103557/419904
[0,2,2,0,1,0] 1230257/419904
[0,1,0,0,0,2] 1065721/419904
[0,2,1,0,0,2] 460778971/136048896
[1,0,1,0,0,3] 17918410517/4897760256
[0,0,2,0,2,1] 17434089701/4897760256
[0,0,1,1,1,0] 51569/23328
[1,2,0,0,1,0] 27425/11664
[1,1,1,0,1,1] 46078841/15116544
[0,1,0,0,0,4] 726794731723/176319369216
[0,1,0,0,2,2] 3093072131/816293376
[0,0,0,0,4,1] 711996042523/176319369216
[0,1,0,4,0,0] 49464865/15116544
[0,0,1,0,0,4] 367901639383/88159684608
[0,0,0,3,1,1] 8930525107/2448880128
[4,0,0,1,0,0] 437/162
[0,0,0,2,0,3] 708008997019/176319369216
[0,2,1,0,2,0] 47140277/15116544
[0,0,0,0,0,2] 49945/23328
[0,0,3,1,0,0] 1099435/419904
[3,1,0,0,0,0] 67/36
[0,0,0,0,2,3] 13318219070413/3173748645888
[2,0,0,0,0,2] 1182721/419904
[0,1,0,0,1,0] 257/162
[0,0,0,0,0,0] 0
[0,0,1,1,3,0] 17482255253/4897760256
[0,0,1,0,1,3] 700036840507/176319369216
[0,0,1,1,0,3] 684109571353/176319369216
[1,0,0,1,3,0] 929661209/272097792
[1,1,0,3,0,0] 1255087/419904
[1,1,0,1,2,0] 46768541/15116544
[0,0,0,0,2,2] 16718151869/4897760256
[1,0,0,3,0,0] 1106095/419904
[0,3,1,0,0,1] 5183/1728
[0,0,0,0,1,0] 41/36
[2,1,0,1,0,1] 1209361/419904
[0,1,1,2,1,0] 583937/186624
[1,0,1,3,0,0] 2849963/944784
[0,1,0,1,2,1] 17211053933/4897760256
[0,0,2,2,1,0] 442287913/136048896
[0,0,0,1,1,0] 763/432
[0,0,1,0,2,0] 1006429/419904
[0,1,2,0,0,0] 1271/648
[1,0,0,2,2,0] 450262849/136048896
[0,2,2,0,0,1] 5749957/1889568
[0,1,1,1,0,1] 124541/46656
[0,0,1,3,0,0] 1147663/419904
[2,2,0,0,0,1] 21545/7776
[1,1,1,2,0,0] 1201225/419904
[0,0,3,0,2,0] 462085717/136048896
[2,0,0,0,2,0] 61541/23328
[1,0,0,2,1,0] 1120825/419904
[1,0,1,1,0,1] 1104025/419904
[1,1,0,0,3,0] 5559841/1679616
[1,1,1,1,0,1] 1385881/472392
[1,0,0,0,2,1] 44900345/15116544
[1,1,0,1,1,0] 2083/864
[2,2,0,1,0,0] 31727/11664
[2,0,1,1,0,0] 2875/1296
[0,2,1,0,0,1] 1092397/419904
[1,0,2,0,1,1] 5338141/1679616
[1,0,2,0,1,0] 58961/23328
[0,1,0,0,4,0] 18144445157/4897760256
[0,0,0,2,0,0] 139/81
[1,1,1,0,0,0] 67/36
[0,0,1,1,2,1] 8805575155/2448880128
[1,0,1,2,1,0] 45989717/15116544
[1,2,0,1,0,0] 2831/1296
[2,0,1,0,0,0] 67/36
[2,2,0,0,0,0] 67/36
[0,0,2,0,1,0] 3157/1458
[0,0,0,0,0,3] 44368381/15116544
[1,0,0,0,0,3] 443476939/136048896
[0,0,1,0,0,3] 1835896225/544195584
[0,0,1,1,1,1] 44249293/15116544
[2,1,1,1,0,0] 16033/5832
[1,1,1,1,1,0] 1207993/419904
[0,2,0,0,0,2] 1380787/472392
[1,0,0,2,1,1] 911363981/272097792
[1,1,1,0,1,0] 6791/2916
[1,0,0,1,0,2] 44706449/15116544
[1,0,0,0,1,3] 3115020647/816293376
[0,2,1,2,0,0] 1227767/419904
[0,2,0,2,1,0] 46809797/15116544
[0,1,0,2,1,1] 1850871649/544195584
[0,0,1,2,0,2] 8962547809/2448880128
[0,0,2,1,0,0] 24059/11664
[0,0,1,1,1,2] 3026304587/816293376
[0,1,1,1,0,2] 1869558961/544195584
[0,0,0,3,2,0] 17615722517/4897760256
[0,4,0,0,0,0] 733/324
[2,0,1,0,2,0] 1307233/419904
[0,0,0,0,1,3] 8708858995/2448880128
[0,1,0,2,1,0] 1138945/419904
[1,0,1,1,1,1] 436001935/136048896
[0,0,0,1,0,4] 13535418800077/3173748645888
[2,0,0,0,0,0] 1
[1,0,0,2,0,1] 129703/46656
[0,0,0,1,0,1] 21683/11664
[0,0,0,1,2,2] 693843902779/176319369216
[0,0,0,2,1,0] 983101/419904
[1,0,0,0,1,1] 52717/23328
[0,0,3,0,0,0] 883/432
[1,0,0,1,0,1] 12577/5832
[1,1,0,2,0,1] 46347869/15116544
[1,0,1,0,0,0] 11/9
[0,1,0,0,0,1] 269/162
[0,2,3,0,0,0] 1201831/419904
[0,2,1,0,1,0] 58061/23328
[0,3,0,0,1,0] 14711/5832
[0,0,3,0,1,1] 930176933/272097792
[2,0,0,1,0,2] 51273865/15116544
[1,1,0,0,0,0] 1
[0,1,0,1,2,0] 1317715/472392
[1,2,0,0,0,0] 67/36
[1,0,0,4,0,0] 49230011/15116544
[0,0,0,1,4,0] 4680189977/1224440064
[0,1,0,1,0,0] 53/36
[0,1,3,0,0,1] 47561249/15116544
[0,0,1,3,0,1] 1883111233/544195584
[0,0,2,1,1,1] 1853867281/544195584
[0,2,0,0,1,2] 1929202513/544195584
[0,1,0,1,0,3] 3091619747/816293376
[0,1,2,0,1,0] 1077493/419904
[0,1,4,0,0,0] 1253929/419904
[3,0,0,0,1,0] 383/162
[1,0,0,1,1,1] 5285683/1889568
[1,3,0,0,1,0] 65137/23328
[0,0,0,1,1,1] 39007/15552
[0,0,1,1,0,2] 418943011/136048896
[1,3,0,1,0,0] 16025/5832
[2,0,2,0,0,0] 1411/648
[1,1,0,0,0,1] 281/144
[0,0,0,1,0,2] 2545601/944784
[0,0,0,3,0,0] 18089/7776
[2,0,0,0,1,2] 466284991/136048896
[1,2,2,0,0,0] 8087/2916
[0,1,2,0,0,1] 1118389/419904
[0,3,2,0,0,0] 8131/2916
[2,0,0,0,0,1] 71/36
[2,0,3,0,0,0] 4139/1458
[0,1,0,0,1,2] 423778063/136048896
[0,2,0,1,1,1] 443343343/136048896
[0,0,1,0,4,0] 9235734589/2448880128
[0,2,0,0,0,0] 23/18
[0,2,0,0,2,0] 1140805/419904
[1,0,2,1,1,0] 5655511/1889568
[1,0,3,0,1,0] 1270685/419904
[1,0,0,0,3,0] 5554333/1889568
[1,0,2,1,0,1] 46370801/15116544
[1,1,0,0,2,0] 1095709/419904
[0,1,0,2,0,2] 17514499373/4897760256
[1,0,0,1,1,0] 23735/11664
[0,0,0,0,1,1] 2881/1458
[0,0,4,0,0,1] 50074525/15116544
[0,0,0,1,0,0] 19/18
[1,0,2,2,0,0] 1233691/419904
[1,0,1,0,1,1] 1139593/419904
[1,2,1,1,0,0] 21457/7776
[0,1,1,0,1,2] 17384205365/4897760256
[0,2,1,1,0,0] 13661/5832
[2,0,0,1,2,0] 5859163/1889568
[2,1,0,0,1,0] 995/432
[0,0,1,0,0,2] 121201/46656
[1,1,0,2,0,0] 13729/5832
[1,1,0,0,0,3] 1959357649/544195584
[1,0,1,0,2,1] 917034029/272097792
[0,0,1,0,2,1] 420717559/136048896
[0,2,0,0,1,0] 2609/1296
[1,2,0,0,0,1] 14389/5832
[3,0,0,0,2,0] 1284649/419904
[0,0,0,2,2,1] 3041021471/816293376
[0,0,0,0,1,2] 41956697/15116544
[1,0,0,0,1,2] 45733789/15116544
[0,0,0,0,0,1] 5/4
[0,1,0,0,3,0] 45151133/15116544
[0,0,2,2,0,0] 1104673/419904
[0,3,1,0,1,0] 1210393/419904
[0,0,2,0,3,0] 1935928829/544195584
[0,0,1,1,0,0] 124/81
[2,0,0,2,1,0] 1263005/419904
[2,0,2,0,1,0] 1226113/419904
[0,2,0,0,2,1] 935846609/272097792
[4,0,0,0,0,0] 11/6
[0,0,0,0,1,4] 27547987444445/6347497291776
[1,2,0,0,1,1] 5788063/1889568
[0,0,0,0,0,5] 28819281787445/6347497291776
[0,2,0,1,0,0] 307/162
[0,3,1,0,0,0] 2969/1296
[0,0,0,1,3,1] 679505138665/176319369216
[1,0,0,3,0,1] 454083169/136048896
[0,1,0,3,0,1] 916490021/272097792
[0,0,0,3,0,1] 46060453/15116544
[0,0,1,0,1,0] 136/81
[2,0,2,0,0,1] 1228909/419904
[1,2,0,1,1,0] 1202149/419904
[0,0,0,0,0,4] 3046748879/816293376
[2,0,0,2,0,0] 28235/11664
[0,0,0,5,0,0] 961704815/272097792
[1,1,2,0,0,0] 883/432
[0,2,0,1,0,1] 1117921/419904
[1,1,0,2,1,0] 1416589/472392
[3,1,1,0,0,0] 1751/648
[0,1,1,1,1,1] 889944917/272097792
[0,1,1,1,1,0] 1064269/419904
[0,1,0,0,0,3] 902908589/272097792
[0,0,0,2,1,1] 416769295/136048896
[1,1,0,1,0,1] 1074505/419904
[0,1,1,2,0,0] 1038415/419904
[0,4,0,0,1,0] 1226857/419904
[1,0,0,1,1,2] 17418708557/4897760256
[1,0,1,1,2,0] 1774979/559872
[2,0,0,1,1,0] 14485/5832
[3,0,0,0,0,1] 1055/432
[0,0,0,1,2,1] 867106589/272097792
[0,1,3,0,0,0] 7007/2916
[0,0,2,0,1,2] 8950798381/2448880128
[2,0,1,0,0,1] 7373/2916
[2,0,0,0,3,0] 50425421/15116544
[0,0,3,2,0,0] 47635427/15116544
[3,1,0,0,1,0] 31967/11664
[0,0,1,1,0,1] 963265/419904
[0,2,0,1,1,0] 1071949/419904
[3,1,0,0,0,1] 5375/1944
[2,0,1,1,1,0] 1213525/419904
[1,0,0,0,2,0] 1637/729
[2,1,0,0,1,1] 140449/46656
[1,0,0,1,2,0] 1146793/419904
[0,0,2,0,0,2] 45870877/15116544
[4,0,1,0,0,0] 97/36
[0,0,0,2,2,0] 1672315/559872
[0,0,2,1,0,1] 5297347/1889568
[1,0,1,2,0,1] 47566225/15116544
[2,1,0,0,0,2] 1527973/472392
[0,0,0,0,3,1] 1824372913/544195584
[2,1,1,0,1,0] 7177/2592
[2,1,0,0,2,0] 1259893/419904
[1,1,2,1,0,0] 1181083/419904
[0,0,0,3,0,2] 777692549/204073344
[0,0,0,0,2,0] 22583/11664
[2,1,0,1,1,0] 1187977/419904
[0,1,0,1,1,1] 43192649/15116544
[0,1,0,0,0,0] 1
[0,0,1,0,1,2] 865165613/272097792
[1,1,0,0,1,1] 1112377/419904
[1,0,3,0,0,1] 11594045/3779136
[0,0,5,0,0,0] 164605/52488
[0,0,1,2,0,1] 43542569/15116544
[0,0,2,0,0,1] 52009/23328
[3,0,2,1,0,0] 1340719/419904
[0,3,0,3,0,0] 53541041/15116544
[1,1,0,3,1,0] 972206369/272097792
[1,0,2,0,0,3] 730232755945/176319369216
[0,0,2,0,1,2] 8950798381/2448880128
[0,1,2,0,1,0] 1077493/419904
[1,0,1,0,3,0] 462133345/136048896
[1,0,0,1,2,1] 1869805489/544195584
[0,2,1,0,1,0] 58061/23328
[0,0,1,1,0,4] 266458274856439/57127475625984
[0,1,1,2,0,2] 698432328313/176319369216
[0,0,3,3,0,0] 225715055/60466176
[0,1,2,0,1,1] 442230511/136048896
[0,0,1,1,0,1] 963265/419904
[0,0,1,0,2,0] 1006429/419904
[0,0,1,1,0,3] 684109571353/176319369216
[0,0,1,2,0,0] 12631/5832
[1,2,1,0,0,0] 1279/648
[0,0,1,0,3,1] 3083396675/816293376
[1,0,0,0,3,1] 17894273381/4897760256
[0,0,0,1,3,2] 262249402349383/57127475625984
[1,4,0,0,1,0] 16889/5184
[0,0,1,1,1,1] 44249293/15116544
[0,0,4,0,1,1] 9611743531/2448880128
[0,0,0,1,4,1] 28734279225653/6347497291776
[1,0,0,1,0,2] 44706449/15116544
[0,1,2,0,3,0] 9476402581/2448880128
[1,0,1,1,3,0] 9380204389/2448880128
[2,0,2,0,0,2] 1010645501/272097792
[2,1,0,2,0,1] 53193241/15116544
[0,0,2,1,0,3] 13794042840829/3173748645888
[1,2,1,1,0,1] 50802577/15116544
[1,0,1,1,2,1] 3150333563/816293376
[1,1,0,0,3,0] 5559841/1679616
[2,1,0,0,1,2] 2037651889/544195584
[0,0,1,0,3,2] 28564989915701/6347497291776
[0,2,0,2,0,2] 401307859/102036672
[1,0,2,1,2,0] 1975486205/544195584
[2,0,2,0,0,0] 1411/648
[1,0,2,3,0,0] 475338163/136048896
[0,1,2,1,1,0] 46295267/15116544
[0,0,0,1,0,5] 10385139303352301/2056589122535424
[0,2,0,1,1,0] 1071949/419904
[0,1,2,0,0,3] 740733805723/176319369216
[0,0,0,2,2,1] 3041021471/816293376
[0,0,0,0,4,2] 68157079128859/14281868906496
[2,0,0,1,2,0] 5859163/1889568
[0,0,2,0,0,4] 29332393955381/6347497291776
[0,5,0,0,0,1] 6641479/1889568
[0,1,3,0,1,1] 18410089265/4897760256
[0,0,3,0,0,2] 1954806457/544195584
[0,0,0,1,1,1] 39007/15552
[0,0,0,5,1,0] 729660430717/176319369216
[2,2,0,0,0,2] 54272557/15116544
[0,0,3,1,2,0] 9439373917/2448880128
[1,0,0,4,0,0] 49230011/15116544
[0,2,1,1,2,0] 1960958837/544195584
[2,1,0,0,0,1] 28379/11664
[1,1,0,1,0,2] 453241651/136048896
[1,2,1,0,0,1] 1194493/419904
[0,0,0,0,1,4] 27547987444445/6347497291776
[4,0,0,0,2,0] 1457963/419904
[0,3,3,0,0,0] 173555/52488
[0,2,2,1,1,0] 468050863/136048896
[0,1,0,0,0,5] 70004392366891/14281868906496
[0,0,1,0,1,2] 865165613/272097792
[0,2,2,0,0,0] 26873/11664
[2,1,1,0,1,1] 5769901/1679616
[2,0,0,2,2,0] 990355697/272097792
[2,0,0,0,0,4] 774526025299/176319369216
[2,2,2,0,0,0] 16397/5832
[1,2,0,0,0,1] 14389/5832
[0,3,0,0,2,0] 188012/59049
[0,4,0,0,0,1] 1263745/419904
[0,1,0,0,1,0] 257/162
[0,0,2,2,1,1] 694654453321/176319369216
[0,1,1,1,1,1] 889944917/272097792
[1,0,2,1,0,2] 9419759707/2448880128
[1,0,0,0,0,3] 443476939/136048896
[3,0,0,0,2,0] 1284649/419904
[1,1,0,1,2,0] 46768541/15116544
[5,1,0,0,0,0] 97/36
[1,0,4,0,0,0] 1236895/419904
[0,0,2,0,0,1] 52009/23328
[0,0,1,3,2,0] 705011549893/176319369216
[1,2,0,1,0,2] 2003707105/544195584
[0,0,0,2,0,3] 708008997019/176319369216
[0,0,1,3,1,0] 914803577/272097792
[0,0,0,3,1,1] 8930525107/2448880128
[0,0,0,1,2,3] 67098600691267/14281868906496
[0,0,0,0,0,1] 5/4
[2,3,1,0,0,0] 8131/2916
[1,0,0,0,2,0] 1637/729
[1,3,0,2,0,0] 1359191/419904
[3,0,1,1,0,1] 202556/59049
[1,0,5,0,0,0] 26033839/7558272
[0,1,0,2,2,1] 714333178507/176319369216
[0,2,0,0,0,3] 18237684653/4897760256
[0,2,0,2,2,0] 18344393333/4897760256
[0,3,1,0,1,1] 988075853/272097792
[4,0,0,2,0,0] 25349/7776
[1,0,2,0,0,0] 154/81
[1,2,2,0,0,0] 8087/2916
[1,1,1,2,0,0] 1201225/419904
[0,2,1,2,0,0] 1227767/419904
[2,1,2,0,1,0] 1340839/419904
[0,0,3,0,2,1] 717664836985/176319369216
[3,1,0,0,1,0] 31967/11664
[0,0,1,2,2,1] 364241648839/88159684608
[0,0,0,1,5,0] 28678282377161/6347497291776
[1,0,1,2,0,1] 47566225/15116544
[0,1,1,0,1,0] 23555/11664
[2,0,2,1,1,0] 50834003/15116544
[0,0,1,3,0,0] 1147663/419904
[1,3,0,0,1,1] 53158669/15116544
[0,2,1,1,1,0] 11191133/3779136
[3,1,1,1,0,0] 67339/23328
[0,0,2,2,2,0] 4771393007/1224440064
[0,0,1,2,0,3] 28089333628157/6347497291776
[0,0,0,0,3,2] 361334043391/88159684608
[0,2,1,2,0,1] 1975450537/544195584
[2,0,0,0,0,0] 1
[0,2,3,1,0,0] 50942275/15116544
[0,3,0,1,1,0] 418231/139968
[0,1,0,2,1,1] 1850871649/544195584
[0,0,0,0,0,2] 49945/23328
[2,0,0,1,1,1] 47778473/15116544
[4,0,0,1,0,0] 437/162
[3,2,1,0,0,0] 32273/11664
[2,0,3,0,0,0] 4139/1458
[0,0,0,0,2,0] 22583/11664
[0,0,1,0,1,0] 136/81
[1,0,1,0,0,3] 17918410517/4897760256
[1,3,0,1,0,1] 51795353/15116544
[0,0,0,0,6,0] 30064978187701/6347497291776
[3,0,0,2,0,1] 53927813/15116544
[0,0,2,0,1,0] 3157/1458
[2,0,2,1,0,0] 21727/7776
[0,1,0,2,0,3] 13739662267405/3173748645888
[2,0,1,1,1,0] 1213525/419904
[1,1,2,0,1,1] 961411181/272097792
[0,0,3,1,0,2] 715992594361/176319369216
[0,1,3,1,0,1] 1996327201/544195584
[1,1,0,4,0,0] 481864819/136048896
[0,0,1,0,5,0] 14167776384745/3173748645888
[0,2,3,0,1,0] 52771259/15116544
[0,0,0,3,0,1] 46060453/15116544
[2,0,1,0,1,2] 18613577789/4897760256
[0,1,0,3,0,0] 1120873/419904
[1,1,1,1,0,1] 1385881/472392
[2,1,0,1,0,2] 995567369/272097792
[0,0,2,1,0,2] 17526238325/4897760256
[1,3,0,0,1,0] 65137/23328
[3,0,1,0,1,1] 53060225/15116544
[0,0,6,0,0,0] 18600151/5038848
[3,1,1,0,0,0] 1751/648
[0,0,2,0,3,1] 373422489709/88159684608
[0,0,1,2,0,2] 8962547809/2448880128
[0,0,1,2,1,1] 17097365357/4897760256
[0,0,5,1,0,0] 500459827/136048896
[1,0,0,0,4,0] 1996484285/544195584
[2,1,1,0,1,0] 7177/2592
[2,0,2,1,0,1] 52859593/15116544
[0,0,0,2,0,2] 876492545/272097792
[3,0,0,1,0,1] 1247197/419904
[3,0,1,1,1,0] 1382897/419904
[1,1,2,0,2,0] 474720421/136048896
[2,1,2,0,0,0] 32057/11664
[0,0,0,1,2,2] 693843902779/176319369216
[4,0,1,0,0,1] 1411297/419904
[2,4,0,0,0,0] 32227/11664
[0,2,0,2,1,0] 46809797/15116544
[0,0,0,0,3,3] 370028737586311/76169967501312
[1,0,1,0,1,3] 372058435615/88159684608
[0,0,4,2,0,0] 1003261163/272097792
[1,0,1,2,1,1] 9147388567/2448880128
[0,0,2,2,0,0] 1104673/419904
[0,2,1,0,2,1] 9393473587/2448880128
[0,1,0,1,2,1] 17211053933/4897760256
[4,0,0,1,0,1] 479707/139968
[2,3,0,0,0,1] 1387585/419904
[0,2,0,0,0,2] 1380787/472392
[3,0,0,1,1,0] 22121/7776
[1,2,0,2,0,0] 1188319/419904
[0,0,0,1,1,3] 358525787431/88159684608
[0,0,0,3,1,0] 44280509/15116544
[0,0,0,0,0,5] 28819281787445/6347497291776
[2,0,2,0,1,1] 487667083/136048896
[3,0,0,0,3,0] 6275809/1679616
[1,0,0,1,3,0] 929661209/272097792
[0,0,2,0,3,0] 1935928829/544195584
[3,0,1,0,0,2] 55152077/15116544
[2,1,2,1,0,0] 1242445/419904
[0,2,1,0,0,3] 732735472345/176319369216
[0,0,0,3,0,0] 18089/7776
[0,1,1,0,2,0] 1138513/419904
[0,0,1,1,1,3] 28393452435701/6347497291776
[2,1,2,0,0,1] 1578211/472392
[1,0,0,0,3,2] 13861175305165/3173748645888
[3,0,0,3,0,0] 1443871/419904
[0,0,0,0,1,0] 41/36
[3,1,0,0,0,1] 5375/1944
[1,3,2,0,0,0] 1235095/419904
[0,0,0,4,0,1] 17799429941/4897760256
[0,0,3,0,3,0] 1245952655/306110016
[1,2,3,0,0,0] 1255657/419904
[1,0,0,2,0,2] 1936109089/544195584
[1,0,1,2,1,0] 45989717/15116544
[2,0,0,0,1,3] 733597338265/176319369216
[2,1,0,0,3,0] 501972385/136048896
[0,0,0,1,3,0] 425552017/136048896
[3,0,1,0,1,0] 32641/11664
[2,1,1,0,2,0] 51266237/15116544
[0,1,4,1,0,0] 52510661/15116544
[1,2,1,1,0,0] 21457/7776
[2,2,0,1,0,0] 31727/11664
[0,0,1,1,4,0] 15579808073/3673320192
[1,1,0,1,1,0] 2083/864
[0,0,1,0,0,5] 377620091602375/76169967501312
[0,2,0,1,0,0] 307/162
[0,0,0,2,1,3] 262969095919831/57127475625984
[1,2,0,1,1,0] 1202149/419904
[0,0,0,3,0,3] 29055392756885/6347497291776
[0,1,0,0,4,1] 13917039013501/3173748645888
[0,1,3,2,0,0] 476409523/136048896
[0,2,0,0,0,1] 24347/11664
[1,1,1,0,1,1] 46078841/15116544
[2,3,0,0,0,0] 439/162
[1,0,2,1,1,0] 5655511/1889568
[2,0,1,0,3,0] 1027152917/272097792
[3,1,0,2,0,0] 1328071/419904
[2,0,1,2,0,0] 1194223/419904
[1,2,2,0,1,0] 12190241/3779136
[0,1,1,0,2,1] 1863348817/544195584
[0,0,0,1,4,0] 4680189977/1224440064
[1,0,2,0,0,2] 460902955/136048896
[0,1,0,1,1,0] 12349/5832
[0,0,0,2,3,0] 9028700677/2448880128
[0,0,1,0,2,1] 420717559/136048896
[1,2,0,1,1,1] 964731209/272097792
[1,0,0,4,1,0] 18751442417/4897760256
[2,1,0,0,0,3] 19571905637/4897760256
[0,1,0,1,1,1] 43192649/15116544
[1,2,0,0,0,2] 49530017/15116544
[2,0,1,2,1,0] 5757469/1679616
[3,1,0,0,1,1] 6527287/1889568
[0,0,0,6,0,0] 10127983837/2448880128
[2,0,0,0,0,2] 1182721/419904
[5,0,1,0,0,0] 1889/648
[0,0,1,1,1,0] 51569/23328
[0,1,2,0,0,1] 1118389/419904
[0,0,2,1,0,1] 5297347/1889568
[0,2,0,1,0,2] 935364641/272097792
[0,0,0,0,1,3] 8708858995/2448880128
[1,0,3,1,0,0] 1218523/419904
[3,0,0,0,1,1] 1286557/419904
[1,1,1,1,1,0] 1207993/419904
[0,1,0,1,4,0] 736051091743/176319369216
[1,2,0,0,3,0] 1011432329/272097792
[1,1,1,0,1,2] 9287505337/2448880128
[2,0,1,0,0,2] 49770785/15116544
[2,1,0,1,1,1] 477844015/136048896
[0,2,0,1,1,2] 703529172745/176319369216
[1,0,4,0,1,0] 53982913/15116544
[1,0,0,2,2,0] 450262849/136048896
[2,0,0,1,0,2] 51273865/15116544
[0,2,0,1,2,0] 200875/62208
[0,1,1,3,0,0] 47015723/15116544
[0,3,0,1,2,0] 995473385/272097792
[0,1,1,1,0,0] 2567/1296
[1,0,1,0,2,0] 1126261/419904
[1,2,0,0,0,0] 67/36
[1,1,0,0,3,1] 3261582193/816293376
[1,0,3,0,0,1] 11594045/3779136
[2,0,2,0,0,1] 1228909/419904
[0,3,0,0,0,0] 67/36
[0,0,0,1,0,2] 2545601/944784
[1,2,1,2,0,0] 2924411/944784
[0,0,0,1,0,0] 19/18
[0,2,0,0,2,1] 935846609/272097792
[2,1,3,0,0,0] 1236895/419904
[1,2,1,0,1,1] 472687591/136048896
[1,0,1,2,0,2] 801559175/204073344
[2,0,1,1,1,1] 970425737/272097792
[0,1,1,0,1,1] 5230927/1889568
[2,0,0,0,3,1] 9800399467/2448880128
[0,0,0,0,1,1] 2881/1458
[0,0,0,1,3,1] 679505138665/176319369216
[0,0,0,2,2,0] 1672315/559872
[0,3,1,1,0,0] 1178707/419904
[2,3,0,0,1,0] 1335721/419904
[2,0,0,0,3,0] 50425421/15116544
[1,0,0,0,0,0] 1
[1,0,2,0,2,0] 48706781/15116544
[0,2,1,0,3,0] 18604607453/4897760256
[0,1,0,3,0,1] 916490021/272097792
[0,0,0,2,0,0] 139/81
[1,1,1,0,0,3] 3293079347/816293376
[0,3,1,1,1,0] 1912103/559872
[0,1,0,0,2,3] 28801019203445/6347497291776
[3,0,0,0,1,0] 383/162
[1,0,0,1,0,1] 12577/5832
[2,0,2,0,2,0] 53987177/15116544
[3,0,0,0,0,3] 2200083817/544195584
[4,0,1,0,0,0] 97/36
[2,2,1,0,1,0] 1303093/419904
[1,0,0,0,1,0] 55/36
[3,1,0,0,0,2] 54097193/15116544
[0,0,1,5,0,0] 9628409803/2448880128
[0,2,2,0,1,1] 1991794825/544195584
[2,0,0,1,2,1] 18625915277/4897760256
[0,1,3,0,2,0] 2017766927/544195584
[1,0,0,3,0,1] 454083169/136048896
[0,0,1,2,1,2] 13440486063949/3173748645888
[0,1,0,0,1,2] 423778063/136048896
[0,2,0,3,1,0] 2005372325/544195584
[0,2,0,1,1,1] 443343343/136048896
[2,0,2,2,0,0] 1555675/472392
[1,1,0,0,2,2] 710379623977/176319369216
[1,0,1,1,0,0] 619/324
[3,0,0,1,0,0] 121/54
[3,1,1,0,1,0] 1316257/419904
[1,1,1,0,2,1] 18216234125/4897760256
[1,0,2,2,0,0] 1233691/419904
[1,1,3,0,0,0] 16381/5832
[1,1,1,3,0,0] 49791457/15116544
[0,1,0,0,3,2] 28134544963133/6347497291776
[0,3,1,0,2,0] 486087115/136048896
[2,0,1,1,0,2] 2039343241/544195584
[2,2,0,1,1,0] 448627/139968
[0,5,0,0,1,0] 1450807/419904
[0,2,1,0,0,1] 1092397/419904
[0,4,1,0,0,0] 16127/5832
[2,0,0,0,1,1] 1122673/419904
[0,0,0,4,1,0] 1928154701/544195584
[0,5,1,0,0,0] 1369015/419904
[1,0,0,0,5,0] 766645453423/176319369216
[0,0,0,0,5,0] 710983123909/176319369216
[1,0,3,2,0,0] 52169161/15116544
[0,1,2,1,0,2] 3168339101/816293376
[0,0,1,4,0,0] 454634563/136048896
[1,0,0,1,3,1] 723800514667/176319369216
[0,2,0,0,4,0] 5014691537/1224440064
[1,1,1,0,2,0] 5720545/1889568
[0,1,2,1,0,1] 47286793/15116544
[0,1,0,2,3,0] 709355848165/176319369216
[1,1,1,0,0,1] 57625/23328
[2,2,0,0,1,1] 52328729/15116544
[2,2,1,0,0,0] 1171/432
[0,1,2,2,0,1] 18145021697/4897760256
[0,0,2,0,2,1] 17434089701/4897760256
[0,0,2,2,0,1] 911580233/272097792
[2,0,0,1,1,2] 9527002987/2448880128
[1,0,1,4,0,0] 979305791/272097792
[1,0,2,1,1,1] 17976424877/4897760256
[0,3,2,0,1,0] 51974357/15116544
[0,0,4,0,1,0] 48907301/15116544
[1,0,0,0,2,3] 28236428092829/6347497291776
[2,1,0,2,0,0] 65899/23328
[2,0,0,0,4,0] 19592888453/4897760256
[0,4,0,2,0,0] 6491557/1889568
[1,4,1,0,0,0] 2119/729
[2,0,0,2,0,1] 1477825/472392
[1,1,0,2,1,0] 1416589/472392
[0,1,0,0,0,1] 269/162
[1,0,1,0,3,1] 715172733097/176319369216
[1,1,0,0,1,2] 928688765/272097792
[3,0,0,0,0,1] 1055/432
[3,1,0,1,0,1] 1415293/419904
[0,0,1,0,4,0] 9235734589/2448880128
[0,1,0,1,0,0] 53/36
[1,2,0,3,0,0] 50982491/15116544
[0,2,0,3,0,0] 2900165/944784
[4,0,0,0,0,2] 1721131/472392
[2,1,1,0,0,2] 489181999/136048896
[1,1,2,0,0,2] 2008270705/544195584
[0,2,4,0,0,0] 25357471/7558272
[2,1,0,0,2,0] 1259893/419904
[1,0,1,0,0,4] 14122518335773/3173748645888
[1,1,0,3,0,1] 2010978265/544195584
[0,0,0,2,3,1] 27845905404269/6347497291776
[0,0,1,0,2,3] 263017525034455/57127475625984
[1,0,0,1,0,3] 9203377549/2448880128
[1,0,1,0,1,2] 1883184961/544195584
[3,1,0,1,0,0] 1169/432
[0,0,1,1,2,2] 27558675359453/6347497291776
[0,0,1,0,3,0] 1715651/559872
[0,0,0,4,0,2] 13945483451437/3173748645888
[0,1,0,0,3,0] 45151133/15116544
[0,3,0,0,1,2] 9713675407/2448880128
[0,2,0,4,0,0] 995082143/272097792
[0,1,0,0,1,4] 267808430227831/57127475625984
[3,0,1,0,0,1] 66127/23328
[0,1,0,3,2,0] 4804296593/1224440064
[0,5,0,0,0,0] 32227/11664
[0,3,1,2,0,0] 50962723/15116544
[1,2,0,2,1,0] 1908911/559872
[0,0,3,0,2,0] 462085717/136048896
[1,0,0,0,0,2] 1044193/419904
[1,0,0,1,1,1] 5285683/1889568
[0,3,2,0,0,0] 8131/2916
[2,0,3,1,0,0] 1381781/419904
[2,0,1,1,2,0] 479193457/136048896
[1,3,0,0,0,2] 497026579/136048896
[1,0,1,0,1,1] 1139593/419904
[0,0,1,1,0,2] 418943011/136048896
[1,0,3,1,1,0] 477736753/136048896
[0,0,3,0,1,1] 930176933/272097792
[2,1,0,3,0,0] 3160103/944784
[0,0,0,3,1,2] 27852854205917/6347497291776
[1,0,2,0,1,0] 58961/23328
[0,1,0,1,2,2] 13501068211213/3173748645888
[0,0,1,3,0,2] 371217833779/88159684608
[0,1,5,0,0,0] 52583669/15116544
[0,0,2,1,0,0] 24059/11664
[0,3,0,2,0,0] 1231049/419904
[1,1,2,1,0,0] 1181083/419904
[0,1,0,0,5,0] 16125762911/3673320192
[0,2,0,2,0,1] 48189169/15116544
[0,1,0,0,1,1] 987673/419904
[0,0,1,1,2,0] 43337165/15116544
[1,2,2,1,0,0] 1266259/419904
[0,0,0,5,0,1] 746894614747/176319369216
[0,2,2,0,0,2] 18720177677/4897760256
[0,1,3,0,0,0] 7007/2916
[1,1,0,1,0,3] 721058930521/176319369216
[0,1,1,0,0,0] 47/36
[0,1,0,2,1,0] 1138945/419904
[1,1,1,2,0,1] 953343365/272097792
[2,0,1,0,0,3] 9922499923/2448880128
[0,0,2,3,0,0] 48682801/15116544
[0,1,0,0,0,4] 726794731723/176319369216
[0,0,2,1,1,0] 1130233/419904
[0,1,0,0,4,0] 18144445157/4897760256
[0,0,2,3,1,0] 9378173701/2448880128
[1,2,0,1,0,0] 2831/1296
[2,0,0,1,0,0] 67/36
[4,2,0,0,0,0] 439/162
[0,1,1,0,1,2] 17384205365/4897760256
[0,1,0,0,2,2] 3093072131/816293376
[1,1,1,1,2,0] 936682937/272097792
[0,0,2,2,1,0] 442287913/136048896
[2,1,0,1,1,0] 1187977/419904
[0,4,2,0,0,0] 1375025/419904
[1,0,2,2,0,1] 1985218249/544195584
[3,0,2,0,0,0] 10675/3888
[0,0,0,4,0,0] 170696/59049
[1,0,0,3,1,1] 3196029071/816293376
[0,2,1,0,2,0] 47140277/15116544
[0,1,0,4,0,1] 3240119375/816293376
[0,2,3,0,0,1] 488201125/136048896
[1,0,1,0,2,1] 917034029/272097792
[2,1,0,0,1,0] 995/432
[0,1,0,1,3,1] 369580803187/88159684608
[0,0,4,1,1,0] 2031122495/544195584
[4,0,1,1,0,0] 743/243
[0,0,3,1,0,1] 450554953/136048896
[2,1,0,0,0,2] 1527973/472392
[6,0,0,0,0,0] 97/36
[5,0,0,0,0,1] 1595/486
[3,2,0,0,0,1] 1380649/419904
[1,1,1,2,1,0] 454758673/136048896
[1,0,0,1,0,4] 28888478202125/6347497291776
[0,0,0,3,2,1] 13586306968429/3173748645888
[0,2,0,0,0,0] 23/18
[0,4,0,1,0,1] 53854265/15116544
[0,0,1,0,4,1] 28260534750365/6347497291776
[0,3,1,0,0,2] 2064853057/544195584
[0,0,1,1,3,1] 13535194488397/3173748645888
[0,2,2,1,0,1] 969712109/272097792
[0,3,1,1,0,1] 480468703/136048896
[0,0,3,1,1,0] 5378573/1679616
[0,1,0,2,0,1] 1334725/472392
[0,0,0,3,0,2] 777692549/204073344
[1,0,0,1,1,2] 17418708557/4897760256
[0,0,1,0,2,2] 679177555225/176319369216
[0,1,2,0,1,2] 704484568393/176319369216
[0,1,2,1,0,0] 18793/7776
[1,2,0,0,1,0] 27425/11664
[0,0,0,0,0,4] 3046748879/816293376
[1,0,1,0,0,0] 11/9
[0,1,3,1,0,0] 1254019/419904
[0,0,2,0,1,3] 28090385072957/6347497291776
[0,0,3,1,0,0] 1099435/419904
[0,1,4,0,0,1] 1003009973/272097792
[1,1,0,1,0,0] 151/81
[0,0,0,0,2,1] 5035879/1889568
[3,0,0,0,1,2] 1031989685/272097792
[0,1,1,4,0,0] 221710847/60466176
[0,0,0,0,3,0] 1107769/419904
[0,1,0,0,0,2] 1065721/419904
[1,0,0,1,2,0] 1146793/419904
[0,1,0,1,1,3] 27837104476925/6347497291776
[0,4,0,1,1,0] 52570733/15116544
[0,0,0,1,2,0] 1032985/419904
[0,4,0,0,0,0] 733/324
[0,1,1,1,0,2] 1869558961/544195584
[4,0,1,0,1,0] 227305/69984
[2,0,3,0,0,1] 53245145/15116544
[0,4,0,1,0,0] 65551/23328
[2,1,0,1,2,0] 5793689/1679616
[1,0,2,0,2,1] 9450955621/2448880128
[1,1,0,1,1,2] 3143558027/816293376
[2,2,0,0,0,1] 21545/7776
[0,0,4,1,0,1] 18761163965/4897760256
[0,1,1,0,2,2] 367052782495/88159684608
[1,1,0,0,0,2] 129725/46656
[0,0,0,4,1,1] 372094246003/88159684608
[0,0,1,2,0,1] 43542569/15116544
[3,1,0,0,2,0] 1435817/419904
[0,0,3,0,1,0] 1141327/419904
[2,0,0,4,0,0] 54380737/15116544
[0,1,1,2,1,0] 583937/186624
[0,1,1,2,0,1] 437085319/136048896
[3,0,0,0,2,1] 509572147/136048896
[1,1,1,0,0,2] 49338109/15116544
[0,0,2,0,2,2] 13617532852045/3173748645888
[0,0,0,5,0,0] 961704815/272097792
[0,1,2,0,2,0] 5374037/1679616
[0,0,4,0,0,1] 50074525/15116544
[0,2,0,0,0,4] 14314405170157/3173748645888
[1,0,1,1,0,2] 930978977/272097792
[1,2,1,1,1,0] 47787287/15116544
[1,0,1,1,1,0] 1047469/419904
[0,1,0,2,0,0] 24131/11664
[0,3,0,0,1,1] 48872513/15116544
[4,1,1,0,0,0] 10675/3888
[0,2,3,0,0,0] 1201831/419904
[0,2,0,0,1,1] 387059/139968
[1,0,0,0,0,4] 717145899577/176319369216
[2,2,1,0,0,1] 153053/46656
[0,6,0,0,0,0] 76019/23328
[0,2,1,0,0,2] 460778971/136048896
[1,1,0,0,2,0] 1095709/419904
[0,0,0,4,2,0] 735467819167/176319369216
[0,2,0,0,3,1] 722505871609/176319369216
[0,0,1,0,0,0] 1
[1,0,1,0,1,0] 2549/1296
[3,1,0,0,0,0] 67/36
[0,4,0,0,1,0] 1226857/419904
[0,1,0,2,2,0] 918135881/272097792
[0,1,1,1,1,2] 707660253355/176319369216
[1,1,0,0,0,3] 1959357649/544195584
[0,0,3,0,0,0] 883/432
[1,0,4,1,0,0] 51943511/15116544
[1,1,0,1,0,1] 1074505/419904
[0,0,0,2,0,4] 68579109925771/14281868906496
[0,0,5,0,1,0] 1029705371/272097792
[1,1,0,0,0,4] 386561328259/88159684608
[0,1,1,0,4,0] 717890171461/176319369216
[0,1,0,2,1,2] 365096082991/88159684608
[2,2,0,0,0,0] 67/36
[2,1,0,2,1,0] 51079541/15116544
[1,0,0,2,1,0] 1120825/419904
[1,1,1,1,0,0] 24455/11664
[0,1,0,0,1,3] 689378999785/176319369216
[2,3,0,1,0,0] 70115/23328
[0,0,4,0,0,0] 15085/5832
[1,1,0,2,0,2] 9376607101/2448880128
[0,1,1,2,1,1] 3109423649/816293376
[0,1,2,1,1,1] 9131372491/2448880128
[1,0,0,1,1,3] 13706896131853/3173748645888
[0,3,1,0,0,0] 2969/1296
[1,1,2,0,1,0] 1195759/419904
[0,0,5,0,0,0] 164605/52488
[2,0,0,1,3,0] 2046472733/544195584
[0,0,0,0,0,6] 21947469715700381/4113178245070848
[0,0,0,3,2,0] 17615722517/4897760256
[0,0,1,4,0,1] 712357485433/176319369216
[3,1,1,0,0,1] 1379857/419904
[3,0,0,1,1,1] 54117941/15116544
[2,0,1,3,0,0] 51184379/15116544
[0,1,2,0,0,0] 1271/648
[1,2,0,0,0,3] 9885341551/2448880128
[0,4,0,0,2,0] 54878333/15116544
[0,0,3,0,0,3] 383083767733/88159684608
[0,0,0,2,1,2] 675134115577/176319369216
[1,0,3,0,0,0] 27521/11664
[1,0,0,0,0,1] 257/162
[3,0,3,0,0,0] 110819/34992
[2,2,0,2,0,0] 1324129/419904
[0,1,1,2,0,0] 1038415/419904
[2,0,0,3,1,0] 491498077/136048896
[0,0,0,0,2,4] 10224555851925005/2056589122535424
[2,1,0,0,0,0] 11/6
[1,0,3,1,0,1] 986341973/272097792
[3,0,0,2,0,0] 8315/2916
[2,0,1,2,0,1] 483128041/136048896
[0,0,1,4,1,0] 4829760671/1224440064
[1,0,1,3,0,1] 18320554133/4897760256
[5,0,0,0,1,0] 4159/1296
[3,2,0,0,1,0] 24583/7776
[0,0,1,0,1,1] 1014457/419904
[1,3,0,0,0,1] 1189777/419904
[0,2,0,0,2,0] 1140805/419904
[0,3,0,1,0,2] 18769359149/4897760256
[0,1,1,0,0,3] 9129152929/2448880128
[0,0,1,3,0,1] 1883111233/544195584
[0,0,2,1,1,1] 1853867281/544195584
[0,0,0,1,1,0] 763/432
[3,0,2,0,0,1] 481205/139968
[0,1,1,0,0,1] 6149/2916
[1,1,0,0,2,1] 451347943/136048896
[0,1,1,1,2,0] 439301281/136048896
[1,1,1,0,0,0] 67/36
[1,3,0,1,0,0] 16025/5832
[4,1,0,0,1,0] 6119/1944
[2,0,0,2,0,0] 28235/11664
[1,4,0,1,0,0] 1303195/419904
[0,0,2,2,0,2] 723555343651/176319369216
[0,0,0,0,1,2] 41956697/15116544
[1,0,0,2,2,1] 701101566025/176319369216
[0,0,2,1,2,1] 716043969787/176319369216
[2,0,1,0,2,0] 1307233/419904
[0,1,3,0,1,0] 11542331/3779136
[0,2,0,0,1,2] 1929202513/544195584
[2,0,3,0,1,0] 12982211/3779136
[0,0,2,0,0,2] 45870877/15116544
[1,0,1,2,2,0] 18058709573/4897760256
[1,0,4,0,0,1] 495846805/136048896
[0,3,0,1,0,1] 2908283/944784
[0,1,1,1,3,0] 4755525359/1224440064
[2,1,1,1,1,0] 5885083/1889568
[4,0,0,1,1,0] 1393153/419904
[0,2,1,1,0,1] 46074569/15116544
[0,1,3,0,0,1] 47561249/15116544
[0,1,2,0,0,2] 935291237/272097792
[1,2,1,0,2,0] 5733205/1679616
[0,2,0,0,1,0] 2609/1296
[2,0,0,2,1,1] 2017000825/544195584
[0,0,2,0,0,3] 3129712211/816293376
[4,1,0,0,0,0] 97/36
[1,0,0,2,1,1] 911363981/272097792
[2,2,0,0,1,0] 4019/1458
[0,3,0,0,0,1] 20189/7776
[0,0,0,3,3,0] 15609627419/3673320192
[2,1,1,1,0,0] 16033/5832
[0,1,1,3,1,0] 18102427541/4897760256
[2,0,0,0,1,0] 154/81
[0,1,0,3,1,0] 447552265/136048896
[2,0,0,1,0,3] 3385914943/816293376
[1,1,0,0,1,1] 1112377/419904
[0,1,2,0,2,1] 3179241023/816293376
[0,1,0,4,1,0] 9480271285/2448880128
[0,0,2,0,2,0] 5380867/1889568
[1,0,0,3,2,0] 9465306589/2448880128
[0,3,0,0,3,0] 2098921565/544195584
[2,0,0,3,0,0] 1274521/419904
[1,0,0,0,1,3] 3115020647/816293376
[0,1,0,1,0,2] 45176917/15116544
[0,0,3,0,0,1] 392729/139968
[1,3,1,0,0,0] 31985/11664
[0,0,2,4,0,0] 18658310813/4897760256
[1,1,4,0,0,0] 164605/52488
[0,0,3,1,1,1] 3176866103/816293376
[0,4,1,1,0,0] 1385335/419904
[0,0,2,0,1,1] 43649417/15116544
[0,0,0,2,1,1] 416769295/136048896
[2,1,0,1,0,1] 1209361/419904
[2,0,0,2,0,2] 19031629805/4897760256
[0,0,1,0,1,3] 700036840507/176319369216
[0,0,1,0,1,4] 67815354509275/14281868906496
[1,0,0,0,3,0] 5554333/1889568
[0,1,1,0,0,2] 44191001/15116544
[2,0,1,1,0,1] 1248977/419904
[0,0,2,0,4,0] 749117098783/176319369216
[1,0,0,0,1,2] 45733789/15116544
[1,1,0,2,1,1] 18021801941/4897760256
[1,0,1,3,1,0] 1975053773/544195584
[0,2,1,0,1,2] 3219268271/816293376
[0,0,0,1,1,2] 1782340321/544195584
[3,0,1,0,2,0] 3296999/944784
[2,2,1,1,0,0] 1202251/419904
[0,0,2,0,0,0] 55/36
[1,2,0,0,2,1] 2036941369/544195584
[3,0,0,1,2,0] 53221757/15116544
[1,2,1,0,1,0] 1175053/419904
[2,1,0,0,2,1] 1010086493/272097792
[0,1,0,0,0,0] 1
[0,0,0,2,4,0] 13845414795721/3173748645888
[2,0,1,0,1,1] 5796541/1889568
[1,1,1,1,1,1] 1905341809/544195584
[0,0,0,0,0,3] 44368381/15116544
[1,1,1,1,0,2] 18085438565/4897760256
[0,2,0,0,3,0] 465197953/136048896
[0,0,0,0,2,2] 16718151869/4897760256
[0,0,0,1,2,1] 867106589/272097792
[1,1,0,0,1,0] 155/81
[0,3,1,0,1,0] 1210393/419904
[3,1,0,1,1,0] 1349725/419904
[0,2,1,0,1,1] 48249253/15116544
[2,0,1,0,2,1] 2043486713/544195584
[1,1,0,2,0,1] 46347869/15116544
[1,0,0,0,2,2] 9105640087/2448880128
[1,0,2,0,1,2] 3192846395/816293376
[1,2,1,0,0,2] 989729789/272097792
[0,3,2,1,0,0] 6283963/1889568
[1,0,2,0,1,1] 5338141/1679616
[0,0,0,0,4,0] 902043449/272097792
[3,1,2,0,0,0] 4139/1458
[1,0,0,2,3,0] 4826812487/1224440064
[0,2,1,0,0,0] 607/324
[2,0,0,1,0,1] 60641/23328
[0,2,1,1,1,1] 17904381101/4897760256
[0,1,1,2,2,0] 9192233197/2448880128
[0,0,1,0,0,3] 1835896225/544195584
[0,2,2,1,0,0] 1200737/419904
[1,0,1,1,1,2] 696299589241/176319369216
[1,2,2,0,0,1] 51088961/15116544
[0,0,0,2,0,1] 1022665/419904
[5,0,0,0,0,0] 97/36
[0,0,0,2,1,0] 983101/419904
[1,0,0,3,0,2] 723456845881/176319369216
[2,0,1,1,0,0] 2875/1296
[0,2,2,0,1,0] 1230257/419904
[1,1,0,0,0,1] 281/144
[1,0,0,5,0,0] 25777255/6718464
[4,0,0,0,1,0] 10639/3888
[0,2,2,2,0,0] 51279593/15116544
[1,1,0,0,0,0] 1
[4,0,0,0,0,0] 11/6
[1,1,0,1,2,1] 9273780265/2448880128
[0,0,1,0,0,4] 367901639383/88159684608
[1,1,3,0,1,0] 50493605/15116544
[0,0,4,0,2,0] 19157841665/4897760256
[1,0,2,0,3,0] 19004414381/4897760256
[0,1,1,1,0,3] 370983882271/88159684608
[1,0,0,2,0,1] 129703/46656
[2,0,4,0,0,0] 1372229/419904
[0,0,1,2,3,0] 722748634111/176319369216
[0,1,1,1,1,0] 1064269/419904
[0,1,2,3,0,0] 966424631/272097792
[1,0,1,0,4,0] 2495980969/612220032
[0,4,1,0,0,1] 53019497/15116544
[4,0,0,0,1,1] 1469455/419904
[0,0,4,1,0,0] 5910067/1889568
[1,0,0,1,4,0] 720671265637/176319369216
[0,1,0,3,1,1] 700011435625/176319369216
[1,1,3,0,0,1] 52353361/15116544
[0,1,0,1,0,1] 51205/23328
[3,2,0,1,0,0] 17425/5832
[3,0,1,2,0,0] 1354261/419904
[1,4,0,0,0,1] 1412299/419904
[0,0,2,3,0,1] 1601881321/408146688
[0,0,0,0,1,5] 10547760576378689/2056589122535424
[1,0,3,0,1,1] 2020143449/544195584
[1,3,0,0,2,0] 52480013/15116544
[1,0,0,3,0,0] 1106095/419904
[1,1,3,1,0,0] 5950891/1889568
[4,1,0,0,0,1] 25441/7776
[2,0,1,0,0,1] 7373/2916
[2,0,0,2,1,0] 1263005/419904
[0,0,1,1,2,1] 8805575155/2448880128
[4,1,0,1,0,0] 11557/3888
[2,2,0,1,0,1] 1589965/472392
[0,2,1,2,1,0] 958949045/272097792
[1,0,1,2,0,0] 18845/7776
[1,1,0,1,3,0] 18333028709/4897760256
[0,2,0,0,2,2] 732691431499/176319369216
[1,3,0,0,0,0] 157/81
[1,0,0,0,2,1] 44900345/15116544
[1,0,0,3,1,0] 5450641/1679616
[0,1,3,1,1,0] 965276477/272097792
[3,0,0,0,0,2] 1383721/419904
[1,0,3,0,2,0] 1011319721/272097792
[1,0,3,0,0,2] 18868259753/4897760256
[3,0,0,2,1,0] 818261/236196
[0,1,0,2,0,2] 17514499373/4897760256
[1,1,2,1,0,1] 466841227/136048896
[0,1,0,1,0,4] 29011670278805/6347497291776
[1,0,2,2,1,0] 959921657/272097792
[1,0,2,1,0,1] 46370801/15116544
[1,3,1,1,0,0] 1254269/419904
[1,3,0,1,1,0] 1552615/472392
[1,0,2,1,0,0] 13927/5832
[2,0,1,0,1,0] 28133/11664
[0,1,1,1,2,1] 691673120665/176319369216
[0,0,0,2,2,2] 28358044914197/6347497291776
[2,0,0,0,2,0] 61541/23328
[2,0,0,0,0,1] 71/36
[1,2,0,0,2,0] 425431/139968
[0,0,0,0,5,1] 270307910582143/57127475625984
[0,0,0,0,4,1] 711996042523/176319369216
[1,0,1,1,0,3] 738289336099/176319369216
[0,3,0,1,1,1] 2012189317/544195584
[2,0,0,0,2,1] 5591797/1679616
[0,1,4,0,1,0] 488675695/136048896
[0,3,0,2,0,1] 997671077/272097792
[4,0,0,0,0,1] 10925/3888
[0,2,0,2,1,1] 9292683451/2448880128
[1,1,2,1,1,0] 5446829/1679616
[0,3,2,0,0,1] 53403049/15116544
[0,1,0,4,0,0] 49464865/15116544
[1,0,1,1,0,1] 1104025/419904
[3,0,1,1,0,0] 31985/11664
[0,1,0,1,3,0] 1905063581/544195584
[1,5,0,0,0,0] 16901/5832
[0,1,1,3,0,1] 9308949331/2448880128
[2,0,0,0,0,3] 982833053/272097792
[1,0,0,1,1,0] 23735/11664
[1,0,1,1,1,1] 436001935/136048896
[1,2,0,1,2,0] 474906937/136048896
[1,0,0,2,0,3] 380290443691/88159684608
[0,0,1,2,2,0] 1872717437/544195584
[0,1,3,0,0,2] 9586717591/2448880128
[1,0,0,0,1,1] 52717/23328
[1,2,0,2,0,1] 481956763/136048896
[0,3,0,0,2,1] 18980534285/4897760256
[0,2,0,1,0,3] 738550038379/176319369216
[1,1,0,0,4,0] 9730276525/2448880128
[0,2,2,0,2,0] 982485791/272097792
[0,0,2,1,3,0] 711383792677/176319369216
[0,0,0,0,2,3] 13318219070413/3173748645888
[1,1,0,0,1,3] 733899447787/176319369216
[0,2,1,1,0,2] 9337075717/2448880128
[0,0,1,1,3,0] 17482255253/4897760256
[2,2,0,0,2,0] 6452137/1889568
[0,1,2,2,1,0] 1951291613/544195584
[0,0,1,0,0,1] 2285/1296
[0,1,2,1,2,0] 17987744825/4897760256
[0,0,3,2,1,0] 18409214393/4897760256
[0,0,2,1,1,2] 366291406687/88159684608
[0,4,1,0,1,0] 1612483/472392
[2,0,1,0,0,0] 67/36
[0,3,1,0,0,1] 5183/1728
[1,0,0,1,2,2] 368189352031/88159684608
[0,1,1,0,0,4] 28653437107037/6347497291776
[2,1,1,1,0,1] 50290193/15116544
[0,0,0,1,0,3] 17012179277/4897760256
[1,1,0,2,0,0] 13729/5832
[2,1,0,1,0,0] 689/324
[2,0,0,0,2,2] 3286590895/816293376
[1,1,2,2,0,0] 47913203/15116544
[1,3,1,0,1,0] 1340891/419904
[0,2,0,0,1,3] 380548112467/88159684608
[1,0,0,2,1,2] 719817409003/176319369216
[0,2,0,1,2,1] 3198606251/816293376
[0,0,4,0,0,2] 3337398719/816293376
[0,5,0,1,0,0] 157049/46656
[0,0,0,0,0,0] 0
[3,0,0,0,0,0] 11/6
[1,1,0,2,2,0] 1966435229/544195584
[1,1,0,1,1,1] 47002189/15116544
[0,3,0,1,0,0] 28235/11664
[2,1,1,0,0,0] 154/81
[5,0,0,1,0,0] 4001/1296
[3,3,0,0,0,0] 3553/1296
[1,2,0,1,0,1] 1222369/419904
[0,3,0,0,1,0] 14711/5832
[0,0,0,1,0,1] 21683/11664
[1,0,0,0,0,5] 276534047447287/57127475625984
[0,0,0,1,1,4] 368910773626759/76169967501312
[0,2,0,1,0,1] 1117921/419904
[1,1,1,0,1,0] 6791/2916
[0,1,1,0,3,1] 721329760651/176319369216
[0,1,1,0,3,0] 924508313/272097792
[1,2,0,0,1,1] 5788063/1889568
[0,2,1,3,0,0] 475087675/136048896
[0,1,0,0,2,0] 5969/2592
[1,0,1,1,2,0] 1774979/559872
[0,1,0,1,0,3] 3091619747/816293376
[0,0,1,0,0,2] 121201/46656
[0,1,0,1,1,2] 8857011991/2448880128
[0,1,1,0,1,3] 13711437161629/3173748645888
[0,1,2,2,0,0] 717479/236196
[0,3,0,0,0,3] 3411064871/816293376
[1,3,1,0,0,1] 1583413/472392
[0,4,0,0,0,2] 1041963449/272097792
[0,1,0,0,2,1] 45826213/15116544
[0,1,0,1,2,0] 1317715/472392
[0,0,3,2,0,0] 47635427/15116544
[1,0,0,2,0,0] 877/432
[0,2,0,1,3,0] 9538241077/2448880128
[1,0,3,0,1,0] 1270685/419904
[1,0,1,0,0,2] 1348819/472392
[1,0,1,0,2,2] 721316029099/176319369216
[1,1,1,0,3,0] 2014001021/544195584
[0,1,1,1,0,1] 124541/46656
[1,0,0,0,4,1] 381777857707/88159684608
[1,1,2,0,0,1] 404489/139968
[2,0,0,3,0,1] 1010997581/272097792
[0,1,0,0,3,1] 9097571569/2448880128
[3,0,0,1,0,2] 509408923/136048896
[0,0,3,2,0,1] 9449484331/2448880128
[1,0,1,3,0,0] 2849963/944784
[0,3,0,2,1,0] 486571171/136048896
[0,2,1,1,0,0] 13661/5832
[0,0,1,2,1,0] 2626781/944784
[0,0,2,1,2,0] 914763977/272097792
[1,0,0,4,0,1] 4807083179/1224440064
[1,1,0,3,0,0] 1255087/419904
[2,0,0,0,1,2] 466284991/136048896
[0,2,2,0,0,1] 5749957/1889568
[3,2,0,0,0,0] 97/36
[2,1,1,0,0,1] 1171885/419904
[0,0,1,1,1,2] 3026304587/816293376
[2,1,0,0,1,1] 140449/46656
[3,0,1,0,0,0] 56/27
[0,4,0,0,1,1] 498609427/136048896
[2,1,1,2,0,0] 1275499/419904
[2,0,2,0,1,0] 1226113/419904
[0,3,0,0,0,2] 51628261/15116544
[1,0,0,1,0,0] 17/12
[0,0,1,1,0,0] 124/81
[1,0,2,0,0,1] 1103557/419904
[1,0,0,0,1,4] 29112601937141/6347497291776
[2,0,0,1,1,0] 14485/5832
[0,2,0,2,0,0] 58387/23328
[0,0,1,3,1,1] 713696216107/176319369216
[0,1,0,3,0,2] 726256051915/176319369216
[3,0,2,0,1,0] 1401017/419904
[0,0,3,0,1,2] 732417653227/176319369216
[1,2,0,0,1,2] 18624243653/4897760256
[4,0,2,0,0,0] 11761/3888
[0,0,5,0,0,1] 2100398837/544195584
[0,0,0,1,0,4] 13535418800077/3173748645888
[1,1,2,0,0,0] 883/432
[0,2,0,3,0,1] 18528201269/4897760256
[1,4,0,0,0,0] 3553/1296
[0,1,0,5,0,0] 18907547165/4897760256
[1,0,1,0,0,1] 23519/11664
[0,0,0,0,3,1] 1824372913/544195584
[0,1,0,0,0,3] 902908589/272097792
[0,1,4,0,0,0] 1253929/419904
